65
(
(-5)
(-4.84375)
(-4.6875)
(-4.53125)
(-4.375)
(-4.21875)
(-4.0625)
(-3.90625)
(-3.75)
(-3.59375)
(-3.4375)
(-3.28125)
(-3.125)
(-2.96875)
(-2.8125)
(-2.65625)
(-2.5)
(-2.34375)
(-2.1875)
(-2.03125)
(-1.875)
(-1.71875)
(-1.5625)
(-1.40625)
(-1.25)
(-1.09375)
(-0.9375)
(-0.78125)
(-0.625)
(-0.46875)
(-0.3125)
(-0.15625)
(0)
(0.15625)
(0.3125)
(0.46875)
(0.625)
(0.78125)
(0.9375)
(1.09375)
(1.25)
(1.40625)
(1.5625)
(1.71875)
(1.875)
(2.03125)
(2.1875)
(2.34375)
(2.5)
(2.65625)
(2.8125)
(2.96875)
(3.125)
(3.28125)
(3.4375)
(3.59375)
(3.75)
(3.90625)
(4.0625)
(4.21875)
(4.375)
(4.53125)
(4.6875)
(4.84375)
(5)
)
