3280
( 
(Q 0 1 82 81) 
(Q 1 2 83 82) 
(Q 2 3 84 83) 
(Q 3 4 85 84) 
(Q 4 5 86 85) 
(Q 5 6 87 86) 
(Q 6 7 88 87) 
(Q 7 8 89 88) 
(Q 8 9 90 89) 
(Q 9 10 91 90) 
(Q 10 11 92 91) 
(Q 11 12 93 92) 
(Q 12 13 94 93) 
(Q 13 14 95 94) 
(Q 14 15 96 95) 
(Q 15 16 97 96) 
(Q 16 17 98 97) 
(Q 17 18 99 98) 
(Q 18 19 100 99) 
(Q 19 20 101 100) 
(Q 20 21 102 101) 
(Q 21 22 103 102) 
(Q 22 23 104 103) 
(Q 23 24 105 104) 
(Q 24 25 106 105) 
(Q 25 26 107 106) 
(Q 26 27 108 107) 
(Q 27 28 109 108) 
(Q 28 29 110 109) 
(Q 29 30 111 110) 
(Q 30 31 112 111) 
(Q 31 32 113 112) 
(Q 32 33 114 113) 
(Q 33 34 115 114) 
(Q 34 35 116 115) 
(Q 35 36 117 116) 
(Q 36 37 118 117) 
(Q 37 38 119 118) 
(Q 38 39 120 119) 
(Q 39 40 121 120) 
(Q 40 41 122 121) 
(Q 41 42 123 122) 
(Q 42 43 124 123) 
(Q 43 44 125 124) 
(Q 44 45 126 125) 
(Q 45 46 127 126) 
(Q 46 47 128 127) 
(Q 47 48 129 128) 
(Q 48 49 130 129) 
(Q 49 50 131 130) 
(Q 50 51 132 131) 
(Q 51 52 133 132) 
(Q 52 53 134 133) 
(Q 53 54 135 134) 
(Q 54 55 136 135) 
(Q 55 56 137 136) 
(Q 56 57 138 137) 
(Q 57 58 139 138) 
(Q 58 59 140 139) 
(Q 59 60 141 140) 
(Q 60 61 142 141) 
(Q 61 62 143 142) 
(Q 62 63 144 143) 
(Q 63 64 145 144) 
(Q 64 65 146 145) 
(Q 65 66 147 146) 
(Q 66 67 148 147) 
(Q 67 68 149 148) 
(Q 68 69 150 149) 
(Q 69 70 151 150) 
(Q 70 71 152 151) 
(Q 71 72 153 152) 
(Q 72 73 154 153) 
(Q 73 74 155 154) 
(Q 74 75 156 155) 
(Q 75 76 157 156) 
(Q 76 77 158 157) 
(Q 77 78 159 158) 
(Q 78 79 160 159) 
(Q 79 80 161 160) 
(Q 81 82 163 162) 
(Q 82 83 164 163) 
(Q 83 84 165 164) 
(Q 84 85 166 165) 
(Q 85 86 167 166) 
(Q 86 87 168 167) 
(Q 87 88 169 168) 
(Q 88 89 170 169) 
(Q 89 90 171 170) 
(Q 90 91 172 171) 
(Q 91 92 173 172) 
(Q 92 93 174 173) 
(Q 93 94 175 174) 
(Q 94 95 176 175) 
(Q 95 96 177 176) 
(Q 96 97 178 177) 
(Q 97 98 179 178) 
(Q 98 99 180 179) 
(Q 99 100 181 180) 
(Q 100 101 182 181) 
(Q 101 102 183 182) 
(Q 102 103 184 183) 
(Q 103 104 185 184) 
(Q 104 105 186 185) 
(Q 105 106 187 186) 
(Q 106 107 188 187) 
(Q 107 108 189 188) 
(Q 108 109 190 189) 
(Q 109 110 191 190) 
(Q 110 111 192 191) 
(Q 111 112 193 192) 
(Q 112 113 194 193) 
(Q 113 114 195 194) 
(Q 114 115 196 195) 
(Q 115 116 197 196) 
(Q 116 117 198 197) 
(Q 117 118 199 198) 
(Q 118 119 200 199) 
(Q 119 120 201 200) 
(Q 120 121 202 201) 
(Q 121 122 203 202) 
(Q 122 123 204 203) 
(Q 123 124 205 204) 
(Q 124 125 206 205) 
(Q 125 126 207 206) 
(Q 126 127 208 207) 
(Q 127 128 209 208) 
(Q 128 129 210 209) 
(Q 129 130 211 210) 
(Q 130 131 212 211) 
(Q 131 132 213 212) 
(Q 132 133 214 213) 
(Q 133 134 215 214) 
(Q 134 135 216 215) 
(Q 135 136 217 216) 
(Q 136 137 218 217) 
(Q 137 138 219 218) 
(Q 138 139 220 219) 
(Q 139 140 221 220) 
(Q 140 141 222 221) 
(Q 141 142 223 222) 
(Q 142 143 224 223) 
(Q 143 144 225 224) 
(Q 144 145 226 225) 
(Q 145 146 227 226) 
(Q 146 147 228 227) 
(Q 147 148 229 228) 
(Q 148 149 230 229) 
(Q 149 150 231 230) 
(Q 150 151 232 231) 
(Q 151 152 233 232) 
(Q 152 153 234 233) 
(Q 153 154 235 234) 
(Q 154 155 236 235) 
(Q 155 156 237 236) 
(Q 156 157 238 237) 
(Q 157 158 239 238) 
(Q 158 159 240 239) 
(Q 159 160 241 240) 
(Q 160 161 242 241) 
(Q 162 163 244 243) 
(Q 163 164 245 244) 
(Q 164 165 246 245) 
(Q 165 166 247 246) 
(Q 166 167 248 247) 
(Q 167 168 249 248) 
(Q 168 169 250 249) 
(Q 169 170 251 250) 
(Q 170 171 252 251) 
(Q 171 172 253 252) 
(Q 172 173 254 253) 
(Q 173 174 255 254) 
(Q 174 175 256 255) 
(Q 175 176 257 256) 
(Q 176 177 258 257) 
(Q 177 178 259 258) 
(Q 178 179 260 259) 
(Q 179 180 261 260) 
(Q 180 181 262 261) 
(Q 181 182 263 262) 
(Q 182 183 264 263) 
(Q 183 184 265 264) 
(Q 184 185 266 265) 
(Q 185 186 267 266) 
(Q 186 187 268 267) 
(Q 187 188 269 268) 
(Q 188 189 270 269) 
(Q 189 190 271 270) 
(Q 190 191 272 271) 
(Q 191 192 273 272) 
(Q 192 193 274 273) 
(Q 193 194 275 274) 
(Q 194 195 276 275) 
(Q 195 196 277 276) 
(Q 196 197 278 277) 
(Q 197 198 279 278) 
(Q 198 199 280 279) 
(Q 199 200 281 280) 
(Q 200 201 282 281) 
(Q 201 202 283 282) 
(Q 202 203 284 283) 
(Q 203 204 285 284) 
(Q 204 205 286 285) 
(Q 205 206 287 286) 
(Q 206 207 288 287) 
(Q 207 208 289 288) 
(Q 208 209 290 289) 
(Q 209 210 291 290) 
(Q 210 211 292 291) 
(Q 211 212 293 292) 
(Q 212 213 294 293) 
(Q 213 214 295 294) 
(Q 214 215 296 295) 
(Q 215 216 297 296) 
(Q 216 217 298 297) 
(Q 217 218 299 298) 
(Q 218 219 300 299) 
(Q 219 220 301 300) 
(Q 220 221 302 301) 
(Q 221 222 303 302) 
(Q 222 223 304 303) 
(Q 223 224 305 304) 
(Q 224 225 306 305) 
(Q 225 226 307 306) 
(Q 226 227 308 307) 
(Q 227 228 309 308) 
(Q 228 229 310 309) 
(Q 229 230 311 310) 
(Q 230 231 312 311) 
(Q 231 232 313 312) 
(Q 232 233 314 313) 
(Q 233 234 315 314) 
(Q 234 235 316 315) 
(Q 235 236 317 316) 
(Q 236 237 318 317) 
(Q 237 238 319 318) 
(Q 238 239 320 319) 
(Q 239 240 321 320) 
(Q 240 241 322 321) 
(Q 241 242 323 322) 
(Q 243 244 325 324) 
(Q 244 245 326 325) 
(Q 245 246 327 326) 
(Q 246 247 328 327) 
(Q 247 248 329 328) 
(Q 248 249 330 329) 
(Q 249 250 331 330) 
(Q 250 251 332 331) 
(Q 251 252 333 332) 
(Q 252 253 334 333) 
(Q 253 254 335 334) 
(Q 254 255 336 335) 
(Q 255 256 337 336) 
(Q 256 257 338 337) 
(Q 257 258 339 338) 
(Q 258 259 340 339) 
(Q 259 260 341 340) 
(Q 260 261 342 341) 
(Q 261 262 343 342) 
(Q 262 263 344 343) 
(Q 263 264 345 344) 
(Q 264 265 346 345) 
(Q 265 266 347 346) 
(Q 266 267 348 347) 
(Q 267 268 349 348) 
(Q 268 269 350 349) 
(Q 269 270 351 350) 
(Q 270 271 352 351) 
(Q 271 272 353 352) 
(Q 272 273 354 353) 
(Q 273 274 355 354) 
(Q 274 275 356 355) 
(Q 275 276 357 356) 
(Q 276 277 358 357) 
(Q 277 278 359 358) 
(Q 278 279 360 359) 
(Q 279 280 361 360) 
(Q 280 281 362 361) 
(Q 281 282 363 362) 
(Q 282 283 364 363) 
(Q 283 284 365 364) 
(Q 284 285 366 365) 
(Q 285 286 367 366) 
(Q 286 287 368 367) 
(Q 287 288 369 368) 
(Q 288 289 370 369) 
(Q 289 290 371 370) 
(Q 290 291 372 371) 
(Q 291 292 373 372) 
(Q 292 293 374 373) 
(Q 293 294 375 374) 
(Q 294 295 376 375) 
(Q 295 296 377 376) 
(Q 296 297 378 377) 
(Q 297 298 379 378) 
(Q 298 299 380 379) 
(Q 299 300 381 380) 
(Q 300 301 382 381) 
(Q 301 302 383 382) 
(Q 302 303 384 383) 
(Q 303 304 385 384) 
(Q 304 305 386 385) 
(Q 305 306 387 386) 
(Q 306 307 388 387) 
(Q 307 308 389 388) 
(Q 308 309 390 389) 
(Q 309 310 391 390) 
(Q 310 311 392 391) 
(Q 311 312 393 392) 
(Q 312 313 394 393) 
(Q 313 314 395 394) 
(Q 314 315 396 395) 
(Q 315 316 397 396) 
(Q 316 317 398 397) 
(Q 317 318 399 398) 
(Q 318 319 400 399) 
(Q 319 320 401 400) 
(Q 320 321 402 401) 
(Q 321 322 403 402) 
(Q 322 323 404 403) 
(Q 324 325 406 405) 
(Q 325 326 407 406) 
(Q 326 327 408 407) 
(Q 327 328 409 408) 
(Q 328 329 410 409) 
(Q 329 330 411 410) 
(Q 330 331 412 411) 
(Q 331 332 413 412) 
(Q 332 333 414 413) 
(Q 333 334 415 414) 
(Q 334 335 416 415) 
(Q 335 336 417 416) 
(Q 336 337 418 417) 
(Q 337 338 419 418) 
(Q 338 339 420 419) 
(Q 339 340 421 420) 
(Q 340 341 422 421) 
(Q 341 342 423 422) 
(Q 342 343 424 423) 
(Q 343 344 425 424) 
(Q 344 345 426 425) 
(Q 345 346 427 426) 
(Q 346 347 428 427) 
(Q 347 348 429 428) 
(Q 348 349 430 429) 
(Q 349 350 431 430) 
(Q 350 351 432 431) 
(Q 351 352 433 432) 
(Q 352 353 434 433) 
(Q 353 354 435 434) 
(Q 354 355 436 435) 
(Q 355 356 437 436) 
(Q 356 357 438 437) 
(Q 357 358 439 438) 
(Q 358 359 440 439) 
(Q 359 360 441 440) 
(Q 360 361 442 441) 
(Q 361 362 443 442) 
(Q 362 363 444 443) 
(Q 363 364 445 444) 
(Q 364 365 446 445) 
(Q 365 366 447 446) 
(Q 366 367 448 447) 
(Q 367 368 449 448) 
(Q 368 369 450 449) 
(Q 369 370 451 450) 
(Q 370 371 452 451) 
(Q 371 372 453 452) 
(Q 372 373 454 453) 
(Q 373 374 455 454) 
(Q 374 375 456 455) 
(Q 375 376 457 456) 
(Q 376 377 458 457) 
(Q 377 378 459 458) 
(Q 378 379 460 459) 
(Q 379 380 461 460) 
(Q 380 381 462 461) 
(Q 381 382 463 462) 
(Q 382 383 464 463) 
(Q 383 384 465 464) 
(Q 384 385 466 465) 
(Q 385 386 467 466) 
(Q 386 387 468 467) 
(Q 387 388 469 468) 
(Q 388 389 470 469) 
(Q 389 390 471 470) 
(Q 390 391 472 471) 
(Q 391 392 473 472) 
(Q 392 393 474 473) 
(Q 393 394 475 474) 
(Q 394 395 476 475) 
(Q 395 396 477 476) 
(Q 396 397 478 477) 
(Q 397 398 479 478) 
(Q 398 399 480 479) 
(Q 399 400 481 480) 
(Q 400 401 482 481) 
(Q 401 402 483 482) 
(Q 402 403 484 483) 
(Q 403 404 485 484) 
(Q 405 406 487 486) 
(Q 406 407 488 487) 
(Q 407 408 489 488) 
(Q 408 409 490 489) 
(Q 409 410 491 490) 
(Q 410 411 492 491) 
(Q 411 412 493 492) 
(Q 412 413 494 493) 
(Q 413 414 495 494) 
(Q 414 415 496 495) 
(Q 415 416 497 496) 
(Q 416 417 498 497) 
(Q 417 418 499 498) 
(Q 418 419 500 499) 
(Q 419 420 501 500) 
(Q 420 421 502 501) 
(Q 421 422 503 502) 
(Q 422 423 504 503) 
(Q 423 424 505 504) 
(Q 424 425 506 505) 
(Q 425 426 507 506) 
(Q 426 427 508 507) 
(Q 427 428 509 508) 
(Q 428 429 510 509) 
(Q 429 430 511 510) 
(Q 430 431 512 511) 
(Q 431 432 513 512) 
(Q 432 433 514 513) 
(Q 433 434 515 514) 
(Q 434 435 516 515) 
(Q 435 436 517 516) 
(Q 436 437 518 517) 
(Q 437 438 519 518) 
(Q 438 439 520 519) 
(Q 439 440 521 520) 
(Q 440 441 522 521) 
(Q 441 442 523 522) 
(Q 442 443 524 523) 
(Q 443 444 525 524) 
(Q 444 445 526 525) 
(Q 445 446 527 526) 
(Q 446 447 528 527) 
(Q 447 448 529 528) 
(Q 448 449 530 529) 
(Q 449 450 531 530) 
(Q 450 451 532 531) 
(Q 451 452 533 532) 
(Q 452 453 534 533) 
(Q 453 454 535 534) 
(Q 454 455 536 535) 
(Q 455 456 537 536) 
(Q 456 457 538 537) 
(Q 457 458 539 538) 
(Q 458 459 540 539) 
(Q 459 460 541 540) 
(Q 460 461 542 541) 
(Q 461 462 543 542) 
(Q 462 463 544 543) 
(Q 463 464 545 544) 
(Q 464 465 546 545) 
(Q 465 466 547 546) 
(Q 466 467 548 547) 
(Q 467 468 549 548) 
(Q 468 469 550 549) 
(Q 469 470 551 550) 
(Q 470 471 552 551) 
(Q 471 472 553 552) 
(Q 472 473 554 553) 
(Q 473 474 555 554) 
(Q 474 475 556 555) 
(Q 475 476 557 556) 
(Q 476 477 558 557) 
(Q 477 478 559 558) 
(Q 478 479 560 559) 
(Q 479 480 561 560) 
(Q 480 481 562 561) 
(Q 481 482 563 562) 
(Q 482 483 564 563) 
(Q 483 484 565 564) 
(Q 484 485 566 565) 
(Q 486 487 568 567) 
(Q 487 488 569 568) 
(Q 488 489 570 569) 
(Q 489 490 571 570) 
(Q 490 491 572 571) 
(Q 491 492 573 572) 
(Q 492 493 574 573) 
(Q 493 494 575 574) 
(Q 494 495 576 575) 
(Q 495 496 577 576) 
(Q 496 497 578 577) 
(Q 497 498 579 578) 
(Q 498 499 580 579) 
(Q 499 500 581 580) 
(Q 500 501 582 581) 
(Q 501 502 583 582) 
(Q 502 503 584 583) 
(Q 503 504 585 584) 
(Q 504 505 586 585) 
(Q 505 506 587 586) 
(Q 506 507 588 587) 
(Q 507 508 589 588) 
(Q 508 509 590 589) 
(Q 509 510 591 590) 
(Q 510 511 592 591) 
(Q 511 512 593 592) 
(Q 512 513 594 593) 
(Q 513 514 595 594) 
(Q 514 515 596 595) 
(Q 515 516 597 596) 
(Q 516 517 598 597) 
(Q 517 518 599 598) 
(Q 518 519 600 599) 
(Q 519 520 601 600) 
(Q 520 521 602 601) 
(Q 521 522 603 602) 
(Q 522 523 604 603) 
(Q 523 524 605 604) 
(Q 524 525 606 605) 
(Q 525 526 607 606) 
(Q 526 527 608 607) 
(Q 527 528 609 608) 
(Q 528 529 610 609) 
(Q 529 530 611 610) 
(Q 530 531 612 611) 
(Q 531 532 613 612) 
(Q 532 533 614 613) 
(Q 533 534 615 614) 
(Q 534 535 616 615) 
(Q 535 536 617 616) 
(Q 536 537 618 617) 
(Q 537 538 619 618) 
(Q 538 539 620 619) 
(Q 539 540 621 620) 
(Q 540 541 622 621) 
(Q 541 542 623 622) 
(Q 542 543 624 623) 
(Q 543 544 625 624) 
(Q 544 545 626 625) 
(Q 545 546 627 626) 
(Q 546 547 628 627) 
(Q 547 548 629 628) 
(Q 548 549 630 629) 
(Q 549 550 631 630) 
(Q 550 551 632 631) 
(Q 551 552 633 632) 
(Q 552 553 634 633) 
(Q 553 554 635 634) 
(Q 554 555 636 635) 
(Q 555 556 637 636) 
(Q 556 557 638 637) 
(Q 557 558 639 638) 
(Q 558 559 640 639) 
(Q 559 560 641 640) 
(Q 560 561 642 641) 
(Q 561 562 643 642) 
(Q 562 563 644 643) 
(Q 563 564 645 644) 
(Q 564 565 646 645) 
(Q 565 566 647 646) 
(Q 567 568 649 648) 
(Q 568 569 650 649) 
(Q 569 570 651 650) 
(Q 570 571 652 651) 
(Q 571 572 653 652) 
(Q 572 573 654 653) 
(Q 573 574 655 654) 
(Q 574 575 656 655) 
(Q 575 576 657 656) 
(Q 576 577 658 657) 
(Q 577 578 659 658) 
(Q 578 579 660 659) 
(Q 579 580 661 660) 
(Q 580 581 662 661) 
(Q 581 582 663 662) 
(Q 582 583 664 663) 
(Q 583 584 665 664) 
(Q 584 585 666 665) 
(Q 585 586 667 666) 
(Q 586 587 668 667) 
(Q 587 588 669 668) 
(Q 588 589 670 669) 
(Q 589 590 671 670) 
(Q 590 591 672 671) 
(Q 591 592 673 672) 
(Q 592 593 674 673) 
(Q 593 594 675 674) 
(Q 594 595 676 675) 
(Q 595 596 677 676) 
(Q 596 597 678 677) 
(Q 597 598 679 678) 
(Q 598 599 680 679) 
(Q 599 600 681 680) 
(Q 600 601 682 681) 
(Q 601 602 683 682) 
(Q 602 603 684 683) 
(Q 603 604 685 684) 
(Q 604 605 686 685) 
(Q 605 606 687 686) 
(Q 606 607 688 687) 
(Q 607 608 689 688) 
(Q 608 609 690 689) 
(Q 609 610 691 690) 
(Q 610 611 692 691) 
(Q 611 612 693 692) 
(Q 612 613 694 693) 
(Q 613 614 695 694) 
(Q 614 615 696 695) 
(Q 615 616 697 696) 
(Q 616 617 698 697) 
(Q 617 618 699 698) 
(Q 618 619 700 699) 
(Q 619 620 701 700) 
(Q 620 621 702 701) 
(Q 621 622 703 702) 
(Q 622 623 704 703) 
(Q 623 624 705 704) 
(Q 624 625 706 705) 
(Q 625 626 707 706) 
(Q 626 627 708 707) 
(Q 627 628 709 708) 
(Q 628 629 710 709) 
(Q 629 630 711 710) 
(Q 630 631 712 711) 
(Q 631 632 713 712) 
(Q 632 633 714 713) 
(Q 633 634 715 714) 
(Q 634 635 716 715) 
(Q 635 636 717 716) 
(Q 636 637 718 717) 
(Q 637 638 719 718) 
(Q 638 639 720 719) 
(Q 639 640 721 720) 
(Q 640 641 722 721) 
(Q 641 642 723 722) 
(Q 642 643 724 723) 
(Q 643 644 725 724) 
(Q 644 645 726 725) 
(Q 645 646 727 726) 
(Q 646 647 728 727) 
(Q 648 649 730 729) 
(Q 649 650 731 730) 
(Q 650 651 732 731) 
(Q 651 652 733 732) 
(Q 652 653 734 733) 
(Q 653 654 735 734) 
(Q 654 655 736 735) 
(Q 655 656 737 736) 
(Q 656 657 738 737) 
(Q 657 658 739 738) 
(Q 658 659 740 739) 
(Q 659 660 741 740) 
(Q 660 661 742 741) 
(Q 661 662 743 742) 
(Q 662 663 744 743) 
(Q 663 664 745 744) 
(Q 664 665 746 745) 
(Q 665 666 747 746) 
(Q 666 667 748 747) 
(Q 667 668 749 748) 
(Q 668 669 750 749) 
(Q 669 670 751 750) 
(Q 670 671 752 751) 
(Q 671 672 753 752) 
(Q 672 673 754 753) 
(Q 673 674 755 754) 
(Q 674 675 756 755) 
(Q 675 676 757 756) 
(Q 676 677 758 757) 
(Q 677 678 759 758) 
(Q 678 679 760 759) 
(Q 679 680 761 760) 
(Q 680 681 762 761) 
(Q 681 682 763 762) 
(Q 682 683 764 763) 
(Q 683 684 765 764) 
(Q 684 685 766 765) 
(Q 685 686 767 766) 
(Q 686 687 768 767) 
(Q 687 688 769 768) 
(Q 688 689 770 769) 
(Q 689 690 771 770) 
(Q 690 691 772 771) 
(Q 691 692 773 772) 
(Q 692 693 774 773) 
(Q 693 694 775 774) 
(Q 694 695 776 775) 
(Q 695 696 777 776) 
(Q 696 697 778 777) 
(Q 697 698 779 778) 
(Q 698 699 780 779) 
(Q 699 700 781 780) 
(Q 700 701 782 781) 
(Q 701 702 783 782) 
(Q 702 703 784 783) 
(Q 703 704 785 784) 
(Q 704 705 786 785) 
(Q 705 706 787 786) 
(Q 706 707 788 787) 
(Q 707 708 789 788) 
(Q 708 709 790 789) 
(Q 709 710 791 790) 
(Q 710 711 792 791) 
(Q 711 712 793 792) 
(Q 712 713 794 793) 
(Q 713 714 795 794) 
(Q 714 715 796 795) 
(Q 715 716 797 796) 
(Q 716 717 798 797) 
(Q 717 718 799 798) 
(Q 718 719 800 799) 
(Q 719 720 801 800) 
(Q 720 721 802 801) 
(Q 721 722 803 802) 
(Q 722 723 804 803) 
(Q 723 724 805 804) 
(Q 724 725 806 805) 
(Q 725 726 807 806) 
(Q 726 727 808 807) 
(Q 727 728 809 808) 
(Q 729 730 811 810) 
(Q 730 731 812 811) 
(Q 731 732 813 812) 
(Q 732 733 814 813) 
(Q 733 734 815 814) 
(Q 734 735 816 815) 
(Q 735 736 817 816) 
(Q 736 737 818 817) 
(Q 737 738 819 818) 
(Q 738 739 820 819) 
(Q 739 740 821 820) 
(Q 740 741 822 821) 
(Q 741 742 823 822) 
(Q 742 743 824 823) 
(Q 743 744 825 824) 
(Q 744 745 826 825) 
(Q 745 746 827 826) 
(Q 746 747 828 827) 
(Q 747 748 829 828) 
(Q 748 749 830 829) 
(Q 749 750 831 830) 
(Q 750 751 832 831) 
(Q 751 752 833 832) 
(Q 752 753 834 833) 
(Q 753 754 835 834) 
(Q 754 755 836 835) 
(Q 755 756 837 836) 
(Q 756 757 838 837) 
(Q 757 758 839 838) 
(Q 758 759 840 839) 
(Q 759 760 841 840) 
(Q 760 761 842 841) 
(Q 761 762 843 842) 
(Q 762 763 844 843) 
(Q 763 764 845 844) 
(Q 764 765 846 845) 
(Q 765 766 847 846) 
(Q 766 767 848 847) 
(Q 767 768 849 848) 
(Q 768 769 850 849) 
(Q 769 770 851 850) 
(Q 770 771 852 851) 
(Q 771 772 853 852) 
(Q 772 773 854 853) 
(Q 773 774 855 854) 
(Q 774 775 856 855) 
(Q 775 776 857 856) 
(Q 776 777 858 857) 
(Q 777 778 859 858) 
(Q 778 779 860 859) 
(Q 779 780 861 860) 
(Q 780 781 862 861) 
(Q 781 782 863 862) 
(Q 782 783 864 863) 
(Q 783 784 865 864) 
(Q 784 785 866 865) 
(Q 785 786 867 866) 
(Q 786 787 868 867) 
(Q 787 788 869 868) 
(Q 788 789 870 869) 
(Q 789 790 871 870) 
(Q 790 791 872 871) 
(Q 791 792 873 872) 
(Q 792 793 874 873) 
(Q 793 794 875 874) 
(Q 794 795 876 875) 
(Q 795 796 877 876) 
(Q 796 797 878 877) 
(Q 797 798 879 878) 
(Q 798 799 880 879) 
(Q 799 800 881 880) 
(Q 800 801 882 881) 
(Q 801 802 883 882) 
(Q 802 803 884 883) 
(Q 803 804 885 884) 
(Q 804 805 886 885) 
(Q 805 806 887 886) 
(Q 806 807 888 887) 
(Q 807 808 889 888) 
(Q 808 809 890 889) 
(Q 810 811 892 891) 
(Q 811 812 893 892) 
(Q 812 813 894 893) 
(Q 813 814 895 894) 
(Q 814 815 896 895) 
(Q 815 816 897 896) 
(Q 816 817 898 897) 
(Q 817 818 899 898) 
(Q 818 819 900 899) 
(Q 819 820 901 900) 
(Q 820 821 902 901) 
(Q 821 822 903 902) 
(Q 822 823 904 903) 
(Q 823 824 905 904) 
(Q 824 825 906 905) 
(Q 825 826 907 906) 
(Q 826 827 908 907) 
(Q 827 828 909 908) 
(Q 828 829 910 909) 
(Q 829 830 911 910) 
(Q 830 831 912 911) 
(Q 831 832 913 912) 
(Q 832 833 914 913) 
(Q 833 834 915 914) 
(Q 834 835 916 915) 
(Q 835 836 917 916) 
(Q 836 837 918 917) 
(Q 837 838 919 918) 
(Q 838 839 920 919) 
(Q 839 840 921 920) 
(Q 840 841 922 921) 
(Q 841 842 923 922) 
(Q 842 843 924 923) 
(Q 843 844 925 924) 
(Q 844 845 926 925) 
(Q 845 846 927 926) 
(Q 846 847 928 927) 
(Q 847 848 929 928) 
(Q 848 849 930 929) 
(Q 849 850 931 930) 
(Q 850 851 932 931) 
(Q 851 852 933 932) 
(Q 852 853 934 933) 
(Q 853 854 935 934) 
(Q 854 855 936 935) 
(Q 855 856 937 936) 
(Q 856 857 938 937) 
(Q 857 858 939 938) 
(Q 858 859 940 939) 
(Q 859 860 941 940) 
(Q 860 861 942 941) 
(Q 861 862 943 942) 
(Q 862 863 944 943) 
(Q 863 864 945 944) 
(Q 864 865 946 945) 
(Q 865 866 947 946) 
(Q 866 867 948 947) 
(Q 867 868 949 948) 
(Q 868 869 950 949) 
(Q 869 870 951 950) 
(Q 870 871 952 951) 
(Q 871 872 953 952) 
(Q 872 873 954 953) 
(Q 873 874 955 954) 
(Q 874 875 956 955) 
(Q 875 876 957 956) 
(Q 876 877 958 957) 
(Q 877 878 959 958) 
(Q 878 879 960 959) 
(Q 879 880 961 960) 
(Q 880 881 962 961) 
(Q 881 882 963 962) 
(Q 882 883 964 963) 
(Q 883 884 965 964) 
(Q 884 885 966 965) 
(Q 885 886 967 966) 
(Q 886 887 968 967) 
(Q 887 888 969 968) 
(Q 888 889 970 969) 
(Q 889 890 971 970) 
(Q 891 892 973 972) 
(Q 892 893 974 973) 
(Q 893 894 975 974) 
(Q 894 895 976 975) 
(Q 895 896 977 976) 
(Q 896 897 978 977) 
(Q 897 898 979 978) 
(Q 898 899 980 979) 
(Q 899 900 981 980) 
(Q 900 901 982 981) 
(Q 901 902 983 982) 
(Q 902 903 984 983) 
(Q 903 904 985 984) 
(Q 904 905 986 985) 
(Q 905 906 987 986) 
(Q 906 907 988 987) 
(Q 907 908 989 988) 
(Q 908 909 990 989) 
(Q 909 910 991 990) 
(Q 910 911 992 991) 
(Q 911 912 993 992) 
(Q 912 913 994 993) 
(Q 913 914 995 994) 
(Q 914 915 996 995) 
(Q 915 916 997 996) 
(Q 916 917 998 997) 
(Q 917 918 999 998) 
(Q 918 919 1000 999) 
(Q 919 920 1001 1000) 
(Q 920 921 1002 1001) 
(Q 921 922 1003 1002) 
(Q 922 923 1004 1003) 
(Q 923 924 1005 1004) 
(Q 924 925 1006 1005) 
(Q 925 926 1007 1006) 
(Q 926 927 1008 1007) 
(Q 927 928 1009 1008) 
(Q 928 929 1010 1009) 
(Q 929 930 1011 1010) 
(Q 930 931 1012 1011) 
(Q 931 932 1013 1012) 
(Q 932 933 1014 1013) 
(Q 933 934 1015 1014) 
(Q 934 935 1016 1015) 
(Q 935 936 1017 1016) 
(Q 936 937 1018 1017) 
(Q 937 938 1019 1018) 
(Q 938 939 1020 1019) 
(Q 939 940 1021 1020) 
(Q 940 941 1022 1021) 
(Q 941 942 1023 1022) 
(Q 942 943 1024 1023) 
(Q 943 944 1025 1024) 
(Q 944 945 1026 1025) 
(Q 945 946 1027 1026) 
(Q 946 947 1028 1027) 
(Q 947 948 1029 1028) 
(Q 948 949 1030 1029) 
(Q 949 950 1031 1030) 
(Q 950 951 1032 1031) 
(Q 951 952 1033 1032) 
(Q 952 953 1034 1033) 
(Q 953 954 1035 1034) 
(Q 954 955 1036 1035) 
(Q 955 956 1037 1036) 
(Q 956 957 1038 1037) 
(Q 957 958 1039 1038) 
(Q 958 959 1040 1039) 
(Q 959 960 1041 1040) 
(Q 960 961 1042 1041) 
(Q 961 962 1043 1042) 
(Q 962 963 1044 1043) 
(Q 963 964 1045 1044) 
(Q 964 965 1046 1045) 
(Q 965 966 1047 1046) 
(Q 966 967 1048 1047) 
(Q 967 968 1049 1048) 
(Q 968 969 1050 1049) 
(Q 969 970 1051 1050) 
(Q 970 971 1052 1051) 
(Q 972 973 1054 1053) 
(Q 973 974 1055 1054) 
(Q 974 975 1056 1055) 
(Q 975 976 1057 1056) 
(Q 976 977 1058 1057) 
(Q 977 978 1059 1058) 
(Q 978 979 1060 1059) 
(Q 979 980 1061 1060) 
(Q 980 981 1062 1061) 
(Q 981 982 1063 1062) 
(Q 982 983 1064 1063) 
(Q 983 984 1065 1064) 
(Q 984 985 1066 1065) 
(Q 985 986 1067 1066) 
(Q 986 987 1068 1067) 
(Q 987 988 1069 1068) 
(Q 988 989 1070 1069) 
(Q 989 990 1071 1070) 
(Q 990 991 1072 1071) 
(Q 991 992 1073 1072) 
(Q 992 993 1074 1073) 
(Q 993 994 1075 1074) 
(Q 994 995 1076 1075) 
(Q 995 996 1077 1076) 
(Q 996 997 1078 1077) 
(Q 997 998 1079 1078) 
(Q 998 999 1080 1079) 
(Q 999 1000 1081 1080) 
(Q 1000 1001 1082 1081) 
(Q 1001 1002 1083 1082) 
(Q 1002 1003 1084 1083) 
(Q 1003 1004 1085 1084) 
(Q 1004 1005 1086 1085) 
(Q 1005 1006 1087 1086) 
(Q 1006 1007 1088 1087) 
(Q 1007 1008 1089 1088) 
(Q 1008 1009 1090 1089) 
(Q 1009 1010 1091 1090) 
(Q 1010 1011 1092 1091) 
(Q 1011 1012 1093 1092) 
(Q 1012 1013 1094 1093) 
(Q 1013 1014 1095 1094) 
(Q 1014 1015 1096 1095) 
(Q 1015 1016 1097 1096) 
(Q 1016 1017 1098 1097) 
(Q 1017 1018 1099 1098) 
(Q 1018 1019 1100 1099) 
(Q 1019 1020 1101 1100) 
(Q 1020 1021 1102 1101) 
(Q 1021 1022 1103 1102) 
(Q 1022 1023 1104 1103) 
(Q 1023 1024 1105 1104) 
(Q 1024 1025 1106 1105) 
(Q 1025 1026 1107 1106) 
(Q 1026 1027 1108 1107) 
(Q 1027 1028 1109 1108) 
(Q 1028 1029 1110 1109) 
(Q 1029 1030 1111 1110) 
(Q 1030 1031 1112 1111) 
(Q 1031 1032 1113 1112) 
(Q 1032 1033 1114 1113) 
(Q 1033 1034 1115 1114) 
(Q 1034 1035 1116 1115) 
(Q 1035 1036 1117 1116) 
(Q 1036 1037 1118 1117) 
(Q 1037 1038 1119 1118) 
(Q 1038 1039 1120 1119) 
(Q 1039 1040 1121 1120) 
(Q 1040 1041 1122 1121) 
(Q 1041 1042 1123 1122) 
(Q 1042 1043 1124 1123) 
(Q 1043 1044 1125 1124) 
(Q 1044 1045 1126 1125) 
(Q 1045 1046 1127 1126) 
(Q 1046 1047 1128 1127) 
(Q 1047 1048 1129 1128) 
(Q 1048 1049 1130 1129) 
(Q 1049 1050 1131 1130) 
(Q 1050 1051 1132 1131) 
(Q 1051 1052 1133 1132) 
(Q 1053 1054 1135 1134) 
(Q 1054 1055 1136 1135) 
(Q 1055 1056 1137 1136) 
(Q 1056 1057 1138 1137) 
(Q 1057 1058 1139 1138) 
(Q 1058 1059 1140 1139) 
(Q 1059 1060 1141 1140) 
(Q 1060 1061 1142 1141) 
(Q 1061 1062 1143 1142) 
(Q 1062 1063 1144 1143) 
(Q 1063 1064 1145 1144) 
(Q 1064 1065 1146 1145) 
(Q 1065 1066 1147 1146) 
(Q 1066 1067 1148 1147) 
(Q 1067 1068 1149 1148) 
(Q 1068 1069 1150 1149) 
(Q 1069 1070 1151 1150) 
(Q 1070 1071 1152 1151) 
(Q 1071 1072 1153 1152) 
(Q 1072 1073 1154 1153) 
(Q 1073 1074 1155 1154) 
(Q 1074 1075 1156 1155) 
(Q 1075 1076 1157 1156) 
(Q 1076 1077 1158 1157) 
(Q 1077 1078 1159 1158) 
(Q 1078 1079 1160 1159) 
(Q 1079 1080 1161 1160) 
(Q 1080 1081 1162 1161) 
(Q 1081 1082 1163 1162) 
(Q 1082 1083 1164 1163) 
(Q 1083 1084 1165 1164) 
(Q 1084 1085 1166 1165) 
(Q 1085 1086 1167 1166) 
(Q 1086 1087 1168 1167) 
(Q 1087 1088 1169 1168) 
(Q 1088 1089 1170 1169) 
(Q 1089 1090 1171 1170) 
(Q 1090 1091 1172 1171) 
(Q 1091 1092 1173 1172) 
(Q 1092 1093 1174 1173) 
(Q 1093 1094 1175 1174) 
(Q 1094 1095 1176 1175) 
(Q 1095 1096 1177 1176) 
(Q 1096 1097 1178 1177) 
(Q 1097 1098 1179 1178) 
(Q 1098 1099 1180 1179) 
(Q 1099 1100 1181 1180) 
(Q 1100 1101 1182 1181) 
(Q 1101 1102 1183 1182) 
(Q 1102 1103 1184 1183) 
(Q 1103 1104 1185 1184) 
(Q 1104 1105 1186 1185) 
(Q 1105 1106 1187 1186) 
(Q 1106 1107 1188 1187) 
(Q 1107 1108 1189 1188) 
(Q 1108 1109 1190 1189) 
(Q 1109 1110 1191 1190) 
(Q 1110 1111 1192 1191) 
(Q 1111 1112 1193 1192) 
(Q 1112 1113 1194 1193) 
(Q 1113 1114 1195 1194) 
(Q 1114 1115 1196 1195) 
(Q 1115 1116 1197 1196) 
(Q 1116 1117 1198 1197) 
(Q 1117 1118 1199 1198) 
(Q 1118 1119 1200 1199) 
(Q 1119 1120 1201 1200) 
(Q 1120 1121 1202 1201) 
(Q 1121 1122 1203 1202) 
(Q 1122 1123 1204 1203) 
(Q 1123 1124 1205 1204) 
(Q 1124 1125 1206 1205) 
(Q 1125 1126 1207 1206) 
(Q 1126 1127 1208 1207) 
(Q 1127 1128 1209 1208) 
(Q 1128 1129 1210 1209) 
(Q 1129 1130 1211 1210) 
(Q 1130 1131 1212 1211) 
(Q 1131 1132 1213 1212) 
(Q 1132 1133 1214 1213) 
(Q 1134 1135 1216 1215) 
(Q 1135 1136 1217 1216) 
(Q 1136 1137 1218 1217) 
(Q 1137 1138 1219 1218) 
(Q 1138 1139 1220 1219) 
(Q 1139 1140 1221 1220) 
(Q 1140 1141 1222 1221) 
(Q 1141 1142 1223 1222) 
(Q 1142 1143 1224 1223) 
(Q 1143 1144 1225 1224) 
(Q 1144 1145 1226 1225) 
(Q 1145 1146 1227 1226) 
(Q 1146 1147 1228 1227) 
(Q 1147 1148 1229 1228) 
(Q 1148 1149 1230 1229) 
(Q 1149 1150 1231 1230) 
(Q 1150 1151 1232 1231) 
(Q 1151 1152 1233 1232) 
(Q 1152 1153 1234 1233) 
(Q 1153 1154 1235 1234) 
(Q 1154 1155 1236 1235) 
(Q 1155 1156 1237 1236) 
(Q 1156 1157 1238 1237) 
(Q 1157 1158 1239 1238) 
(Q 1158 1159 1240 1239) 
(Q 1159 1160 1241 1240) 
(Q 1160 1161 1242 1241) 
(Q 1161 1162 1243 1242) 
(Q 1162 1163 1244 1243) 
(Q 1163 1164 1245 1244) 
(Q 1164 1165 1246 1245) 
(Q 1165 1166 1247 1246) 
(Q 1166 1167 1248 1247) 
(Q 1167 1168 1249 1248) 
(Q 1168 1169 1250 1249) 
(Q 1169 1170 1251 1250) 
(Q 1170 1171 1252 1251) 
(Q 1171 1172 1253 1252) 
(Q 1172 1173 1254 1253) 
(Q 1173 1174 1255 1254) 
(Q 1174 1175 1256 1255) 
(Q 1175 1176 1257 1256) 
(Q 1176 1177 1258 1257) 
(Q 1177 1178 1259 1258) 
(Q 1178 1179 1260 1259) 
(Q 1179 1180 1261 1260) 
(Q 1180 1181 1262 1261) 
(Q 1181 1182 1263 1262) 
(Q 1182 1183 1264 1263) 
(Q 1183 1184 1265 1264) 
(Q 1184 1185 1266 1265) 
(Q 1185 1186 1267 1266) 
(Q 1186 1187 1268 1267) 
(Q 1187 1188 1269 1268) 
(Q 1188 1189 1270 1269) 
(Q 1189 1190 1271 1270) 
(Q 1190 1191 1272 1271) 
(Q 1191 1192 1273 1272) 
(Q 1192 1193 1274 1273) 
(Q 1193 1194 1275 1274) 
(Q 1194 1195 1276 1275) 
(Q 1195 1196 1277 1276) 
(Q 1196 1197 1278 1277) 
(Q 1197 1198 1279 1278) 
(Q 1198 1199 1280 1279) 
(Q 1199 1200 1281 1280) 
(Q 1200 1201 1282 1281) 
(Q 1201 1202 1283 1282) 
(Q 1202 1203 1284 1283) 
(Q 1203 1204 1285 1284) 
(Q 1204 1205 1286 1285) 
(Q 1205 1206 1287 1286) 
(Q 1206 1207 1288 1287) 
(Q 1207 1208 1289 1288) 
(Q 1208 1209 1290 1289) 
(Q 1209 1210 1291 1290) 
(Q 1210 1211 1292 1291) 
(Q 1211 1212 1293 1292) 
(Q 1212 1213 1294 1293) 
(Q 1213 1214 1295 1294) 
(Q 1215 1216 1297 1296) 
(Q 1216 1217 1298 1297) 
(Q 1217 1218 1299 1298) 
(Q 1218 1219 1300 1299) 
(Q 1219 1220 1301 1300) 
(Q 1220 1221 1302 1301) 
(Q 1221 1222 1303 1302) 
(Q 1222 1223 1304 1303) 
(Q 1223 1224 1305 1304) 
(Q 1224 1225 1306 1305) 
(Q 1225 1226 1307 1306) 
(Q 1226 1227 1308 1307) 
(Q 1227 1228 1309 1308) 
(Q 1228 1229 1310 1309) 
(Q 1229 1230 1311 1310) 
(Q 1230 1231 1312 1311) 
(Q 1231 1232 1313 1312) 
(Q 1232 1233 1314 1313) 
(Q 1233 1234 1315 1314) 
(Q 1234 1235 1316 1315) 
(Q 1235 1236 1317 1316) 
(Q 1236 1237 1318 1317) 
(Q 1237 1238 1319 1318) 
(Q 1238 1239 1320 1319) 
(Q 1239 1240 1321 1320) 
(Q 1240 1241 1322 1321) 
(Q 1241 1242 1323 1322) 
(Q 1242 1243 1324 1323) 
(Q 1243 1244 1325 1324) 
(Q 1244 1245 1326 1325) 
(Q 1245 1246 1327 1326) 
(Q 1246 1247 1328 1327) 
(Q 1247 1248 1329 1328) 
(Q 1248 1249 1330 1329) 
(Q 1249 1250 1331 1330) 
(Q 1250 1251 1332 1331) 
(Q 1251 1252 1333 1332) 
(Q 1252 1253 1334 1333) 
(Q 1253 1254 1335 1334) 
(Q 1254 1255 1336 1335) 
(Q 1255 1256 1337 1336) 
(Q 1256 1257 1338 1337) 
(Q 1257 1258 1339 1338) 
(Q 1258 1259 1340 1339) 
(Q 1259 1260 1341 1340) 
(Q 1260 1261 1342 1341) 
(Q 1261 1262 1343 1342) 
(Q 1262 1263 1344 1343) 
(Q 1263 1264 1345 1344) 
(Q 1264 1265 1346 1345) 
(Q 1265 1266 1347 1346) 
(Q 1266 1267 1348 1347) 
(Q 1267 1268 1349 1348) 
(Q 1268 1269 1350 1349) 
(Q 1269 1270 1351 1350) 
(Q 1270 1271 1352 1351) 
(Q 1271 1272 1353 1352) 
(Q 1272 1273 1354 1353) 
(Q 1273 1274 1355 1354) 
(Q 1274 1275 1356 1355) 
(Q 1275 1276 1357 1356) 
(Q 1276 1277 1358 1357) 
(Q 1277 1278 1359 1358) 
(Q 1278 1279 1360 1359) 
(Q 1279 1280 1361 1360) 
(Q 1280 1281 1362 1361) 
(Q 1281 1282 1363 1362) 
(Q 1282 1283 1364 1363) 
(Q 1283 1284 1365 1364) 
(Q 1284 1285 1366 1365) 
(Q 1285 1286 1367 1366) 
(Q 1286 1287 1368 1367) 
(Q 1287 1288 1369 1368) 
(Q 1288 1289 1370 1369) 
(Q 1289 1290 1371 1370) 
(Q 1290 1291 1372 1371) 
(Q 1291 1292 1373 1372) 
(Q 1292 1293 1374 1373) 
(Q 1293 1294 1375 1374) 
(Q 1294 1295 1376 1375) 
(Q 1296 1297 1378 1377) 
(Q 1297 1298 1379 1378) 
(Q 1298 1299 1380 1379) 
(Q 1299 1300 1381 1380) 
(Q 1300 1301 1382 1381) 
(Q 1301 1302 1383 1382) 
(Q 1302 1303 1384 1383) 
(Q 1303 1304 1385 1384) 
(Q 1304 1305 1386 1385) 
(Q 1305 1306 1387 1386) 
(Q 1306 1307 1388 1387) 
(Q 1307 1308 1389 1388) 
(Q 1308 1309 1390 1389) 
(Q 1309 1310 1391 1390) 
(Q 1310 1311 1392 1391) 
(Q 1311 1312 1393 1392) 
(Q 1312 1313 1394 1393) 
(Q 1313 1314 1395 1394) 
(Q 1314 1315 1396 1395) 
(Q 1315 1316 1397 1396) 
(Q 1316 1317 1398 1397) 
(Q 1317 1318 1399 1398) 
(Q 1318 1319 1400 1399) 
(Q 1319 1320 1401 1400) 
(Q 1320 1321 1402 1401) 
(Q 1321 1322 1403 1402) 
(Q 1322 1323 1404 1403) 
(Q 1323 1324 1405 1404) 
(Q 1324 1325 1406 1405) 
(Q 1325 1326 1407 1406) 
(Q 1326 1327 1408 1407) 
(Q 1327 1328 1409 1408) 
(Q 1328 1329 1410 1409) 
(Q 1329 1330 1411 1410) 
(Q 1330 1331 1412 1411) 
(Q 1331 1332 1413 1412) 
(Q 1332 1333 1414 1413) 
(Q 1333 1334 1415 1414) 
(Q 1334 1335 1416 1415) 
(Q 1335 1336 1417 1416) 
(Q 1336 1337 1418 1417) 
(Q 1337 1338 1419 1418) 
(Q 1338 1339 1420 1419) 
(Q 1339 1340 1421 1420) 
(Q 1340 1341 1422 1421) 
(Q 1341 1342 1423 1422) 
(Q 1342 1343 1424 1423) 
(Q 1343 1344 1425 1424) 
(Q 1344 1345 1426 1425) 
(Q 1345 1346 1427 1426) 
(Q 1346 1347 1428 1427) 
(Q 1347 1348 1429 1428) 
(Q 1348 1349 1430 1429) 
(Q 1349 1350 1431 1430) 
(Q 1350 1351 1432 1431) 
(Q 1351 1352 1433 1432) 
(Q 1352 1353 1434 1433) 
(Q 1353 1354 1435 1434) 
(Q 1354 1355 1436 1435) 
(Q 1355 1356 1437 1436) 
(Q 1356 1357 1438 1437) 
(Q 1357 1358 1439 1438) 
(Q 1358 1359 1440 1439) 
(Q 1359 1360 1441 1440) 
(Q 1360 1361 1442 1441) 
(Q 1361 1362 1443 1442) 
(Q 1362 1363 1444 1443) 
(Q 1363 1364 1445 1444) 
(Q 1364 1365 1446 1445) 
(Q 1365 1366 1447 1446) 
(Q 1366 1367 1448 1447) 
(Q 1367 1368 1449 1448) 
(Q 1368 1369 1450 1449) 
(Q 1369 1370 1451 1450) 
(Q 1370 1371 1452 1451) 
(Q 1371 1372 1453 1452) 
(Q 1372 1373 1454 1453) 
(Q 1373 1374 1455 1454) 
(Q 1374 1375 1456 1455) 
(Q 1375 1376 1457 1456) 
(Q 1377 1378 1459 1458) 
(Q 1378 1379 1460 1459) 
(Q 1379 1380 1461 1460) 
(Q 1380 1381 1462 1461) 
(Q 1381 1382 1463 1462) 
(Q 1382 1383 1464 1463) 
(Q 1383 1384 1465 1464) 
(Q 1384 1385 1466 1465) 
(Q 1385 1386 1467 1466) 
(Q 1386 1387 1468 1467) 
(Q 1387 1388 1469 1468) 
(Q 1388 1389 1470 1469) 
(Q 1389 1390 1471 1470) 
(Q 1390 1391 1472 1471) 
(Q 1391 1392 1473 1472) 
(Q 1392 1393 1474 1473) 
(Q 1393 1394 1475 1474) 
(Q 1394 1395 1476 1475) 
(Q 1395 1396 1477 1476) 
(Q 1396 1397 1478 1477) 
(Q 1397 1398 1479 1478) 
(Q 1398 1399 1480 1479) 
(Q 1399 1400 1481 1480) 
(Q 1400 1401 1482 1481) 
(Q 1401 1402 1483 1482) 
(Q 1402 1403 1484 1483) 
(Q 1403 1404 1485 1484) 
(Q 1404 1405 1486 1485) 
(Q 1405 1406 1487 1486) 
(Q 1406 1407 1488 1487) 
(Q 1407 1408 1489 1488) 
(Q 1408 1409 1490 1489) 
(Q 1409 1410 1491 1490) 
(Q 1410 1411 1492 1491) 
(Q 1411 1412 1493 1492) 
(Q 1412 1413 1494 1493) 
(Q 1413 1414 1495 1494) 
(Q 1414 1415 1496 1495) 
(Q 1415 1416 1497 1496) 
(Q 1416 1417 1498 1497) 
(Q 1417 1418 1499 1498) 
(Q 1418 1419 1500 1499) 
(Q 1419 1420 1501 1500) 
(Q 1420 1421 1502 1501) 
(Q 1421 1422 1503 1502) 
(Q 1422 1423 1504 1503) 
(Q 1423 1424 1505 1504) 
(Q 1424 1425 1506 1505) 
(Q 1425 1426 1507 1506) 
(Q 1426 1427 1508 1507) 
(Q 1427 1428 1509 1508) 
(Q 1428 1429 1510 1509) 
(Q 1429 1430 1511 1510) 
(Q 1430 1431 1512 1511) 
(Q 1431 1432 1513 1512) 
(Q 1432 1433 1514 1513) 
(Q 1433 1434 1515 1514) 
(Q 1434 1435 1516 1515) 
(Q 1435 1436 1517 1516) 
(Q 1436 1437 1518 1517) 
(Q 1437 1438 1519 1518) 
(Q 1438 1439 1520 1519) 
(Q 1439 1440 1521 1520) 
(Q 1440 1441 1522 1521) 
(Q 1441 1442 1523 1522) 
(Q 1442 1443 1524 1523) 
(Q 1443 1444 1525 1524) 
(Q 1444 1445 1526 1525) 
(Q 1445 1446 1527 1526) 
(Q 1446 1447 1528 1527) 
(Q 1447 1448 1529 1528) 
(Q 1448 1449 1530 1529) 
(Q 1449 1450 1531 1530) 
(Q 1450 1451 1532 1531) 
(Q 1451 1452 1533 1532) 
(Q 1452 1453 1534 1533) 
(Q 1453 1454 1535 1534) 
(Q 1454 1455 1536 1535) 
(Q 1455 1456 1537 1536) 
(Q 1456 1457 1538 1537) 
(Q 1458 1459 1540 1539) 
(Q 1459 1460 1541 1540) 
(Q 1460 1461 1542 1541) 
(Q 1461 1462 1543 1542) 
(Q 1462 1463 1544 1543) 
(Q 1463 1464 1545 1544) 
(Q 1464 1465 1546 1545) 
(Q 1465 1466 1547 1546) 
(Q 1466 1467 1548 1547) 
(Q 1467 1468 1549 1548) 
(Q 1468 1469 1550 1549) 
(Q 1469 1470 1551 1550) 
(Q 1470 1471 1552 1551) 
(Q 1471 1472 1553 1552) 
(Q 1472 1473 1554 1553) 
(Q 1473 1474 1555 1554) 
(Q 1474 1475 1556 1555) 
(Q 1475 1476 1557 1556) 
(Q 1476 1477 1558 1557) 
(Q 1477 1478 1559 1558) 
(Q 1478 1479 1560 1559) 
(Q 1479 1480 1561 1560) 
(Q 1480 1481 1562 1561) 
(Q 1481 1482 1563 1562) 
(Q 1482 1483 1564 1563) 
(Q 1483 1484 1565 1564) 
(Q 1484 1485 1566 1565) 
(Q 1485 1486 1567 1566) 
(Q 1486 1487 1568 1567) 
(Q 1487 1488 1569 1568) 
(Q 1488 1489 1570 1569) 
(Q 1489 1490 1571 1570) 
(Q 1490 1491 1572 1571) 
(Q 1491 1492 1573 1572) 
(Q 1492 1493 1574 1573) 
(Q 1493 1494 1575 1574) 
(Q 1494 1495 1576 1575) 
(Q 1495 1496 1577 1576) 
(Q 1496 1497 1578 1577) 
(Q 1497 1498 1579 1578) 
(Q 1498 1499 1580 1579) 
(Q 1499 1500 1581 1580) 
(Q 1500 1501 1582 1581) 
(Q 1501 1502 1583 1582) 
(Q 1502 1503 1584 1583) 
(Q 1503 1504 1585 1584) 
(Q 1504 1505 1586 1585) 
(Q 1505 1506 1587 1586) 
(Q 1506 1507 1588 1587) 
(Q 1507 1508 1589 1588) 
(Q 1508 1509 1590 1589) 
(Q 1509 1510 1591 1590) 
(Q 1510 1511 1592 1591) 
(Q 1511 1512 1593 1592) 
(Q 1512 1513 1594 1593) 
(Q 1513 1514 1595 1594) 
(Q 1514 1515 1596 1595) 
(Q 1515 1516 1597 1596) 
(Q 1516 1517 1598 1597) 
(Q 1517 1518 1599 1598) 
(Q 1518 1519 1600 1599) 
(Q 1519 1520 1601 1600) 
(Q 1520 1521 1602 1601) 
(Q 1521 1522 1603 1602) 
(Q 1522 1523 1604 1603) 
(Q 1523 1524 1605 1604) 
(Q 1524 1525 1606 1605) 
(Q 1525 1526 1607 1606) 
(Q 1526 1527 1608 1607) 
(Q 1527 1528 1609 1608) 
(Q 1528 1529 1610 1609) 
(Q 1529 1530 1611 1610) 
(Q 1530 1531 1612 1611) 
(Q 1531 1532 1613 1612) 
(Q 1532 1533 1614 1613) 
(Q 1533 1534 1615 1614) 
(Q 1534 1535 1616 1615) 
(Q 1535 1536 1617 1616) 
(Q 1536 1537 1618 1617) 
(Q 1537 1538 1619 1618) 
(Q 1539 1540 1621 1620) 
(Q 1540 1541 1622 1621) 
(Q 1541 1542 1623 1622) 
(Q 1542 1543 1624 1623) 
(Q 1543 1544 1625 1624) 
(Q 1544 1545 1626 1625) 
(Q 1545 1546 1627 1626) 
(Q 1546 1547 1628 1627) 
(Q 1547 1548 1629 1628) 
(Q 1548 1549 1630 1629) 
(Q 1549 1550 1631 1630) 
(Q 1550 1551 1632 1631) 
(Q 1551 1552 1633 1632) 
(Q 1552 1553 1634 1633) 
(Q 1553 1554 1635 1634) 
(Q 1554 1555 1636 1635) 
(Q 1555 1556 1637 1636) 
(Q 1556 1557 1638 1637) 
(Q 1557 1558 1639 1638) 
(Q 1558 1559 1640 1639) 
(Q 1559 1560 1641 1640) 
(Q 1560 1561 1642 1641) 
(Q 1561 1562 1643 1642) 
(Q 1562 1563 1644 1643) 
(Q 1563 1564 1645 1644) 
(Q 1564 1565 1646 1645) 
(Q 1565 1566 1647 1646) 
(Q 1566 1567 1648 1647) 
(Q 1567 1568 1649 1648) 
(Q 1568 1569 1650 1649) 
(Q 1569 1570 1651 1650) 
(Q 1570 1571 1652 1651) 
(Q 1571 1572 1653 1652) 
(Q 1572 1573 1654 1653) 
(Q 1573 1574 1655 1654) 
(Q 1574 1575 1656 1655) 
(Q 1575 1576 1657 1656) 
(Q 1576 1577 1658 1657) 
(Q 1577 1578 1659 1658) 
(Q 1578 1579 1660 1659) 
(Q 1579 1580 1661 1660) 
(Q 1580 1581 1662 1661) 
(Q 1581 1582 1663 1662) 
(Q 1582 1583 1664 1663) 
(Q 1583 1584 1665 1664) 
(Q 1584 1585 1666 1665) 
(Q 1585 1586 1667 1666) 
(Q 1586 1587 1668 1667) 
(Q 1587 1588 1669 1668) 
(Q 1588 1589 1670 1669) 
(Q 1589 1590 1671 1670) 
(Q 1590 1591 1672 1671) 
(Q 1591 1592 1673 1672) 
(Q 1592 1593 1674 1673) 
(Q 1593 1594 1675 1674) 
(Q 1594 1595 1676 1675) 
(Q 1595 1596 1677 1676) 
(Q 1596 1597 1678 1677) 
(Q 1597 1598 1679 1678) 
(Q 1598 1599 1680 1679) 
(Q 1599 1600 1681 1680) 
(Q 1600 1601 1682 1681) 
(Q 1601 1602 1683 1682) 
(Q 1602 1603 1684 1683) 
(Q 1603 1604 1685 1684) 
(Q 1604 1605 1686 1685) 
(Q 1605 1606 1687 1686) 
(Q 1606 1607 1688 1687) 
(Q 1607 1608 1689 1688) 
(Q 1608 1609 1690 1689) 
(Q 1609 1610 1691 1690) 
(Q 1610 1611 1692 1691) 
(Q 1611 1612 1693 1692) 
(Q 1612 1613 1694 1693) 
(Q 1613 1614 1695 1694) 
(Q 1614 1615 1696 1695) 
(Q 1615 1616 1697 1696) 
(Q 1616 1617 1698 1697) 
(Q 1617 1618 1699 1698) 
(Q 1618 1619 1700 1699) 
(Q 1620 1621 1702 1701) 
(Q 1621 1622 1703 1702) 
(Q 1622 1623 1704 1703) 
(Q 1623 1624 1705 1704) 
(Q 1624 1625 1706 1705) 
(Q 1625 1626 1707 1706) 
(Q 1626 1627 1708 1707) 
(Q 1627 1628 1709 1708) 
(Q 1628 1629 1710 1709) 
(Q 1629 1630 1711 1710) 
(Q 1630 1631 1712 1711) 
(Q 1631 1632 1713 1712) 
(Q 1632 1633 1714 1713) 
(Q 1633 1634 1715 1714) 
(Q 1634 1635 1716 1715) 
(Q 1635 1636 1717 1716) 
(Q 1636 1637 1718 1717) 
(Q 1637 1638 1719 1718) 
(Q 1638 1639 1720 1719) 
(Q 1639 1640 1721 1720) 
(Q 1640 1641 1722 1721) 
(Q 1641 1642 1723 1722) 
(Q 1642 1643 1724 1723) 
(Q 1643 1644 1725 1724) 
(Q 1644 1645 1726 1725) 
(Q 1645 1646 1727 1726) 
(Q 1646 1647 1728 1727) 
(Q 1647 1648 1729 1728) 
(Q 1648 1649 1730 1729) 
(Q 1649 1650 1731 1730) 
(Q 1650 1651 1732 1731) 
(Q 1651 1652 1733 1732) 
(Q 1652 1653 1734 1733) 
(Q 1653 1654 1735 1734) 
(Q 1654 1655 1736 1735) 
(Q 1655 1656 1737 1736) 
(Q 1656 1657 1738 1737) 
(Q 1657 1658 1739 1738) 
(Q 1658 1659 1740 1739) 
(Q 1659 1660 1741 1740) 
(Q 1660 1661 1742 1741) 
(Q 1661 1662 1743 1742) 
(Q 1662 1663 1744 1743) 
(Q 1663 1664 1745 1744) 
(Q 1664 1665 1746 1745) 
(Q 1665 1666 1747 1746) 
(Q 1666 1667 1748 1747) 
(Q 1667 1668 1749 1748) 
(Q 1668 1669 1750 1749) 
(Q 1669 1670 1751 1750) 
(Q 1670 1671 1752 1751) 
(Q 1671 1672 1753 1752) 
(Q 1672 1673 1754 1753) 
(Q 1673 1674 1755 1754) 
(Q 1674 1675 1756 1755) 
(Q 1675 1676 1757 1756) 
(Q 1676 1677 1758 1757) 
(Q 1677 1678 1759 1758) 
(Q 1678 1679 1760 1759) 
(Q 1679 1680 1761 1760) 
(Q 1680 1681 1762 1761) 
(Q 1681 1682 1763 1762) 
(Q 1682 1683 1764 1763) 
(Q 1683 1684 1765 1764) 
(Q 1684 1685 1766 1765) 
(Q 1685 1686 1767 1766) 
(Q 1686 1687 1768 1767) 
(Q 1687 1688 1769 1768) 
(Q 1688 1689 1770 1769) 
(Q 1689 1690 1771 1770) 
(Q 1690 1691 1772 1771) 
(Q 1691 1692 1773 1772) 
(Q 1692 1693 1774 1773) 
(Q 1693 1694 1775 1774) 
(Q 1694 1695 1776 1775) 
(Q 1695 1696 1777 1776) 
(Q 1696 1697 1778 1777) 
(Q 1697 1698 1779 1778) 
(Q 1698 1699 1780 1779) 
(Q 1699 1700 1781 1780) 
(Q 1701 1702 1783 1782) 
(Q 1702 1703 1784 1783) 
(Q 1703 1704 1785 1784) 
(Q 1704 1705 1786 1785) 
(Q 1705 1706 1787 1786) 
(Q 1706 1707 1788 1787) 
(Q 1707 1708 1789 1788) 
(Q 1708 1709 1790 1789) 
(Q 1709 1710 1791 1790) 
(Q 1710 1711 1792 1791) 
(Q 1711 1712 1793 1792) 
(Q 1712 1713 1794 1793) 
(Q 1713 1714 1795 1794) 
(Q 1714 1715 1796 1795) 
(Q 1715 1716 1797 1796) 
(Q 1716 1717 1798 1797) 
(Q 1717 1718 1799 1798) 
(Q 1718 1719 1800 1799) 
(Q 1719 1720 1801 1800) 
(Q 1720 1721 1802 1801) 
(Q 1721 1722 1803 1802) 
(Q 1722 1723 1804 1803) 
(Q 1723 1724 1805 1804) 
(Q 1724 1725 1806 1805) 
(Q 1725 1726 1807 1806) 
(Q 1726 1727 1808 1807) 
(Q 1727 1728 1809 1808) 
(Q 1728 1729 1810 1809) 
(Q 1729 1730 1811 1810) 
(Q 1730 1731 1812 1811) 
(Q 1731 1732 1813 1812) 
(Q 1732 1733 1814 1813) 
(Q 1733 1734 1815 1814) 
(Q 1734 1735 1816 1815) 
(Q 1735 1736 1817 1816) 
(Q 1736 1737 1818 1817) 
(Q 1737 1738 1819 1818) 
(Q 1738 1739 1820 1819) 
(Q 1739 1740 1821 1820) 
(Q 1740 1741 1822 1821) 
(Q 1741 1742 1823 1822) 
(Q 1742 1743 1824 1823) 
(Q 1743 1744 1825 1824) 
(Q 1744 1745 1826 1825) 
(Q 1745 1746 1827 1826) 
(Q 1746 1747 1828 1827) 
(Q 1747 1748 1829 1828) 
(Q 1748 1749 1830 1829) 
(Q 1749 1750 1831 1830) 
(Q 1750 1751 1832 1831) 
(Q 1751 1752 1833 1832) 
(Q 1752 1753 1834 1833) 
(Q 1753 1754 1835 1834) 
(Q 1754 1755 1836 1835) 
(Q 1755 1756 1837 1836) 
(Q 1756 1757 1838 1837) 
(Q 1757 1758 1839 1838) 
(Q 1758 1759 1840 1839) 
(Q 1759 1760 1841 1840) 
(Q 1760 1761 1842 1841) 
(Q 1761 1762 1843 1842) 
(Q 1762 1763 1844 1843) 
(Q 1763 1764 1845 1844) 
(Q 1764 1765 1846 1845) 
(Q 1765 1766 1847 1846) 
(Q 1766 1767 1848 1847) 
(Q 1767 1768 1849 1848) 
(Q 1768 1769 1850 1849) 
(Q 1769 1770 1851 1850) 
(Q 1770 1771 1852 1851) 
(Q 1771 1772 1853 1852) 
(Q 1772 1773 1854 1853) 
(Q 1773 1774 1855 1854) 
(Q 1774 1775 1856 1855) 
(Q 1775 1776 1857 1856) 
(Q 1776 1777 1858 1857) 
(Q 1777 1778 1859 1858) 
(Q 1778 1779 1860 1859) 
(Q 1779 1780 1861 1860) 
(Q 1780 1781 1862 1861) 
(Q 1782 1783 1864 1863) 
(Q 1783 1784 1865 1864) 
(Q 1784 1785 1866 1865) 
(Q 1785 1786 1867 1866) 
(Q 1786 1787 1868 1867) 
(Q 1787 1788 1869 1868) 
(Q 1788 1789 1870 1869) 
(Q 1789 1790 1871 1870) 
(Q 1790 1791 1872 1871) 
(Q 1791 1792 1873 1872) 
(Q 1792 1793 1874 1873) 
(Q 1793 1794 1875 1874) 
(Q 1794 1795 1876 1875) 
(Q 1795 1796 1877 1876) 
(Q 1796 1797 1878 1877) 
(Q 1797 1798 1879 1878) 
(Q 1798 1799 1880 1879) 
(Q 1799 1800 1881 1880) 
(Q 1800 1801 1882 1881) 
(Q 1801 1802 1883 1882) 
(Q 1802 1803 1884 1883) 
(Q 1803 1804 1885 1884) 
(Q 1804 1805 1886 1885) 
(Q 1805 1806 1887 1886) 
(Q 1806 1807 1888 1887) 
(Q 1807 1808 1889 1888) 
(Q 1808 1809 1890 1889) 
(Q 1809 1810 1891 1890) 
(Q 1810 1811 1892 1891) 
(Q 1811 1812 1893 1892) 
(Q 1812 1813 1894 1893) 
(Q 1813 1814 1895 1894) 
(Q 1814 1815 1896 1895) 
(Q 1815 1816 1897 1896) 
(Q 1816 1817 1898 1897) 
(Q 1817 1818 1899 1898) 
(Q 1818 1819 1900 1899) 
(Q 1819 1820 1901 1900) 
(Q 1820 1821 1902 1901) 
(Q 1821 1822 1903 1902) 
(Q 1822 1823 1904 1903) 
(Q 1823 1824 1905 1904) 
(Q 1824 1825 1906 1905) 
(Q 1825 1826 1907 1906) 
(Q 1826 1827 1908 1907) 
(Q 1827 1828 1909 1908) 
(Q 1828 1829 1910 1909) 
(Q 1829 1830 1911 1910) 
(Q 1830 1831 1912 1911) 
(Q 1831 1832 1913 1912) 
(Q 1832 1833 1914 1913) 
(Q 1833 1834 1915 1914) 
(Q 1834 1835 1916 1915) 
(Q 1835 1836 1917 1916) 
(Q 1836 1837 1918 1917) 
(Q 1837 1838 1919 1918) 
(Q 1838 1839 1920 1919) 
(Q 1839 1840 1921 1920) 
(Q 1840 1841 1922 1921) 
(Q 1841 1842 1923 1922) 
(Q 1842 1843 1924 1923) 
(Q 1843 1844 1925 1924) 
(Q 1844 1845 1926 1925) 
(Q 1845 1846 1927 1926) 
(Q 1846 1847 1928 1927) 
(Q 1847 1848 1929 1928) 
(Q 1848 1849 1930 1929) 
(Q 1849 1850 1931 1930) 
(Q 1850 1851 1932 1931) 
(Q 1851 1852 1933 1932) 
(Q 1852 1853 1934 1933) 
(Q 1853 1854 1935 1934) 
(Q 1854 1855 1936 1935) 
(Q 1855 1856 1937 1936) 
(Q 1856 1857 1938 1937) 
(Q 1857 1858 1939 1938) 
(Q 1858 1859 1940 1939) 
(Q 1859 1860 1941 1940) 
(Q 1860 1861 1942 1941) 
(Q 1861 1862 1943 1942) 
(Q 1863 1864 1945 1944) 
(Q 1864 1865 1946 1945) 
(Q 1865 1866 1947 1946) 
(Q 1866 1867 1948 1947) 
(Q 1867 1868 1949 1948) 
(Q 1868 1869 1950 1949) 
(Q 1869 1870 1951 1950) 
(Q 1870 1871 1952 1951) 
(Q 1871 1872 1953 1952) 
(Q 1872 1873 1954 1953) 
(Q 1873 1874 1955 1954) 
(Q 1874 1875 1956 1955) 
(Q 1875 1876 1957 1956) 
(Q 1876 1877 1958 1957) 
(Q 1877 1878 1959 1958) 
(Q 1878 1879 1960 1959) 
(Q 1879 1880 1961 1960) 
(Q 1880 1881 1962 1961) 
(Q 1881 1882 1963 1962) 
(Q 1882 1883 1964 1963) 
(Q 1883 1884 1965 1964) 
(Q 1884 1885 1966 1965) 
(Q 1885 1886 1967 1966) 
(Q 1886 1887 1968 1967) 
(Q 1887 1888 1969 1968) 
(Q 1888 1889 1970 1969) 
(Q 1889 1890 1971 1970) 
(Q 1890 1891 1972 1971) 
(Q 1891 1892 1973 1972) 
(Q 1892 1893 1974 1973) 
(Q 1893 1894 1975 1974) 
(Q 1894 1895 1976 1975) 
(Q 1895 1896 1977 1976) 
(Q 1896 1897 1978 1977) 
(Q 1897 1898 1979 1978) 
(Q 1898 1899 1980 1979) 
(Q 1899 1900 1981 1980) 
(Q 1900 1901 1982 1981) 
(Q 1901 1902 1983 1982) 
(Q 1902 1903 1984 1983) 
(Q 1903 1904 1985 1984) 
(Q 1904 1905 1986 1985) 
(Q 1905 1906 1987 1986) 
(Q 1906 1907 1988 1987) 
(Q 1907 1908 1989 1988) 
(Q 1908 1909 1990 1989) 
(Q 1909 1910 1991 1990) 
(Q 1910 1911 1992 1991) 
(Q 1911 1912 1993 1992) 
(Q 1912 1913 1994 1993) 
(Q 1913 1914 1995 1994) 
(Q 1914 1915 1996 1995) 
(Q 1915 1916 1997 1996) 
(Q 1916 1917 1998 1997) 
(Q 1917 1918 1999 1998) 
(Q 1918 1919 2000 1999) 
(Q 1919 1920 2001 2000) 
(Q 1920 1921 2002 2001) 
(Q 1921 1922 2003 2002) 
(Q 1922 1923 2004 2003) 
(Q 1923 1924 2005 2004) 
(Q 1924 1925 2006 2005) 
(Q 1925 1926 2007 2006) 
(Q 1926 1927 2008 2007) 
(Q 1927 1928 2009 2008) 
(Q 1928 1929 2010 2009) 
(Q 1929 1930 2011 2010) 
(Q 1930 1931 2012 2011) 
(Q 1931 1932 2013 2012) 
(Q 1932 1933 2014 2013) 
(Q 1933 1934 2015 2014) 
(Q 1934 1935 2016 2015) 
(Q 1935 1936 2017 2016) 
(Q 1936 1937 2018 2017) 
(Q 1937 1938 2019 2018) 
(Q 1938 1939 2020 2019) 
(Q 1939 1940 2021 2020) 
(Q 1940 1941 2022 2021) 
(Q 1941 1942 2023 2022) 
(Q 1942 1943 2024 2023) 
(Q 1944 1945 2026 2025) 
(Q 1945 1946 2027 2026) 
(Q 1946 1947 2028 2027) 
(Q 1947 1948 2029 2028) 
(Q 1948 1949 2030 2029) 
(Q 1949 1950 2031 2030) 
(Q 1950 1951 2032 2031) 
(Q 1951 1952 2033 2032) 
(Q 1952 1953 2034 2033) 
(Q 1953 1954 2035 2034) 
(Q 1954 1955 2036 2035) 
(Q 1955 1956 2037 2036) 
(Q 1956 1957 2038 2037) 
(Q 1957 1958 2039 2038) 
(Q 1958 1959 2040 2039) 
(Q 1959 1960 2041 2040) 
(Q 1960 1961 2042 2041) 
(Q 1961 1962 2043 2042) 
(Q 1962 1963 2044 2043) 
(Q 1963 1964 2045 2044) 
(Q 1964 1965 2046 2045) 
(Q 1965 1966 2047 2046) 
(Q 1966 1967 2048 2047) 
(Q 1967 1968 2049 2048) 
(Q 1968 1969 2050 2049) 
(Q 1969 1970 2051 2050) 
(Q 1970 1971 2052 2051) 
(Q 1971 1972 2053 2052) 
(Q 1972 1973 2054 2053) 
(Q 1973 1974 2055 2054) 
(Q 1974 1975 2056 2055) 
(Q 1975 1976 2057 2056) 
(Q 1976 1977 2058 2057) 
(Q 1977 1978 2059 2058) 
(Q 1978 1979 2060 2059) 
(Q 1979 1980 2061 2060) 
(Q 1980 1981 2062 2061) 
(Q 1981 1982 2063 2062) 
(Q 1982 1983 2064 2063) 
(Q 1983 1984 2065 2064) 
(Q 1984 1985 2066 2065) 
(Q 1985 1986 2067 2066) 
(Q 1986 1987 2068 2067) 
(Q 1987 1988 2069 2068) 
(Q 1988 1989 2070 2069) 
(Q 1989 1990 2071 2070) 
(Q 1990 1991 2072 2071) 
(Q 1991 1992 2073 2072) 
(Q 1992 1993 2074 2073) 
(Q 1993 1994 2075 2074) 
(Q 1994 1995 2076 2075) 
(Q 1995 1996 2077 2076) 
(Q 1996 1997 2078 2077) 
(Q 1997 1998 2079 2078) 
(Q 1998 1999 2080 2079) 
(Q 1999 2000 2081 2080) 
(Q 2000 2001 2082 2081) 
(Q 2001 2002 2083 2082) 
(Q 2002 2003 2084 2083) 
(Q 2003 2004 2085 2084) 
(Q 2004 2005 2086 2085) 
(Q 2005 2006 2087 2086) 
(Q 2006 2007 2088 2087) 
(Q 2007 2008 2089 2088) 
(Q 2008 2009 2090 2089) 
(Q 2009 2010 2091 2090) 
(Q 2010 2011 2092 2091) 
(Q 2011 2012 2093 2092) 
(Q 2012 2013 2094 2093) 
(Q 2013 2014 2095 2094) 
(Q 2014 2015 2096 2095) 
(Q 2015 2016 2097 2096) 
(Q 2016 2017 2098 2097) 
(Q 2017 2018 2099 2098) 
(Q 2018 2019 2100 2099) 
(Q 2019 2020 2101 2100) 
(Q 2020 2021 2102 2101) 
(Q 2021 2022 2103 2102) 
(Q 2022 2023 2104 2103) 
(Q 2023 2024 2105 2104) 
(Q 2025 2026 2107 2106) 
(Q 2026 2027 2108 2107) 
(Q 2027 2028 2109 2108) 
(Q 2028 2029 2110 2109) 
(Q 2029 2030 2111 2110) 
(Q 2030 2031 2112 2111) 
(Q 2031 2032 2113 2112) 
(Q 2032 2033 2114 2113) 
(Q 2033 2034 2115 2114) 
(Q 2034 2035 2116 2115) 
(Q 2035 2036 2117 2116) 
(Q 2036 2037 2118 2117) 
(Q 2037 2038 2119 2118) 
(Q 2038 2039 2120 2119) 
(Q 2039 2040 2121 2120) 
(Q 2040 2041 2122 2121) 
(Q 2041 2042 2123 2122) 
(Q 2042 2043 2124 2123) 
(Q 2043 2044 2125 2124) 
(Q 2044 2045 2126 2125) 
(Q 2045 2046 2127 2126) 
(Q 2046 2047 2128 2127) 
(Q 2047 2048 2129 2128) 
(Q 2048 2049 2130 2129) 
(Q 2049 2050 2131 2130) 
(Q 2050 2051 2132 2131) 
(Q 2051 2052 2133 2132) 
(Q 2052 2053 2134 2133) 
(Q 2053 2054 2135 2134) 
(Q 2054 2055 2136 2135) 
(Q 2055 2056 2137 2136) 
(Q 2056 2057 2138 2137) 
(Q 2057 2058 2139 2138) 
(Q 2058 2059 2140 2139) 
(Q 2059 2060 2141 2140) 
(Q 2060 2061 2142 2141) 
(Q 2061 2062 2143 2142) 
(Q 2062 2063 2144 2143) 
(Q 2063 2064 2145 2144) 
(Q 2064 2065 2146 2145) 
(Q 2065 2066 2147 2146) 
(Q 2066 2067 2148 2147) 
(Q 2067 2068 2149 2148) 
(Q 2068 2069 2150 2149) 
(Q 2069 2070 2151 2150) 
(Q 2070 2071 2152 2151) 
(Q 2071 2072 2153 2152) 
(Q 2072 2073 2154 2153) 
(Q 2073 2074 2155 2154) 
(Q 2074 2075 2156 2155) 
(Q 2075 2076 2157 2156) 
(Q 2076 2077 2158 2157) 
(Q 2077 2078 2159 2158) 
(Q 2078 2079 2160 2159) 
(Q 2079 2080 2161 2160) 
(Q 2080 2081 2162 2161) 
(Q 2081 2082 2163 2162) 
(Q 2082 2083 2164 2163) 
(Q 2083 2084 2165 2164) 
(Q 2084 2085 2166 2165) 
(Q 2085 2086 2167 2166) 
(Q 2086 2087 2168 2167) 
(Q 2087 2088 2169 2168) 
(Q 2088 2089 2170 2169) 
(Q 2089 2090 2171 2170) 
(Q 2090 2091 2172 2171) 
(Q 2091 2092 2173 2172) 
(Q 2092 2093 2174 2173) 
(Q 2093 2094 2175 2174) 
(Q 2094 2095 2176 2175) 
(Q 2095 2096 2177 2176) 
(Q 2096 2097 2178 2177) 
(Q 2097 2098 2179 2178) 
(Q 2098 2099 2180 2179) 
(Q 2099 2100 2181 2180) 
(Q 2100 2101 2182 2181) 
(Q 2101 2102 2183 2182) 
(Q 2102 2103 2184 2183) 
(Q 2103 2104 2185 2184) 
(Q 2104 2105 2186 2185) 
(Q 2106 2107 2188 2187) 
(Q 2107 2108 2189 2188) 
(Q 2108 2109 2190 2189) 
(Q 2109 2110 2191 2190) 
(Q 2110 2111 2192 2191) 
(Q 2111 2112 2193 2192) 
(Q 2112 2113 2194 2193) 
(Q 2113 2114 2195 2194) 
(Q 2114 2115 2196 2195) 
(Q 2115 2116 2197 2196) 
(Q 2116 2117 2198 2197) 
(Q 2117 2118 2199 2198) 
(Q 2118 2119 2200 2199) 
(Q 2119 2120 2201 2200) 
(Q 2120 2121 2202 2201) 
(Q 2121 2122 2203 2202) 
(Q 2122 2123 2204 2203) 
(Q 2123 2124 2205 2204) 
(Q 2124 2125 2206 2205) 
(Q 2125 2126 2207 2206) 
(Q 2126 2127 2208 2207) 
(Q 2127 2128 2209 2208) 
(Q 2128 2129 2210 2209) 
(Q 2129 2130 2211 2210) 
(Q 2130 2131 2212 2211) 
(Q 2131 2132 2213 2212) 
(Q 2132 2133 2214 2213) 
(Q 2133 2134 2215 2214) 
(Q 2134 2135 2216 2215) 
(Q 2135 2136 2217 2216) 
(Q 2136 2137 2218 2217) 
(Q 2137 2138 2219 2218) 
(Q 2138 2139 2220 2219) 
(Q 2139 2140 2221 2220) 
(Q 2140 2141 2222 2221) 
(Q 2141 2142 2223 2222) 
(Q 2142 2143 2224 2223) 
(Q 2143 2144 2225 2224) 
(Q 2144 2145 2226 2225) 
(Q 2145 2146 2227 2226) 
(Q 2146 2147 2228 2227) 
(Q 2147 2148 2229 2228) 
(Q 2148 2149 2230 2229) 
(Q 2149 2150 2231 2230) 
(Q 2150 2151 2232 2231) 
(Q 2151 2152 2233 2232) 
(Q 2152 2153 2234 2233) 
(Q 2153 2154 2235 2234) 
(Q 2154 2155 2236 2235) 
(Q 2155 2156 2237 2236) 
(Q 2156 2157 2238 2237) 
(Q 2157 2158 2239 2238) 
(Q 2158 2159 2240 2239) 
(Q 2159 2160 2241 2240) 
(Q 2160 2161 2242 2241) 
(Q 2161 2162 2243 2242) 
(Q 2162 2163 2244 2243) 
(Q 2163 2164 2245 2244) 
(Q 2164 2165 2246 2245) 
(Q 2165 2166 2247 2246) 
(Q 2166 2167 2248 2247) 
(Q 2167 2168 2249 2248) 
(Q 2168 2169 2250 2249) 
(Q 2169 2170 2251 2250) 
(Q 2170 2171 2252 2251) 
(Q 2171 2172 2253 2252) 
(Q 2172 2173 2254 2253) 
(Q 2173 2174 2255 2254) 
(Q 2174 2175 2256 2255) 
(Q 2175 2176 2257 2256) 
(Q 2176 2177 2258 2257) 
(Q 2177 2178 2259 2258) 
(Q 2178 2179 2260 2259) 
(Q 2179 2180 2261 2260) 
(Q 2180 2181 2262 2261) 
(Q 2181 2182 2263 2262) 
(Q 2182 2183 2264 2263) 
(Q 2183 2184 2265 2264) 
(Q 2184 2185 2266 2265) 
(Q 2185 2186 2267 2266) 
(Q 2187 2188 2269 2268) 
(Q 2188 2189 2270 2269) 
(Q 2189 2190 2271 2270) 
(Q 2190 2191 2272 2271) 
(Q 2191 2192 2273 2272) 
(Q 2192 2193 2274 2273) 
(Q 2193 2194 2275 2274) 
(Q 2194 2195 2276 2275) 
(Q 2195 2196 2277 2276) 
(Q 2196 2197 2278 2277) 
(Q 2197 2198 2279 2278) 
(Q 2198 2199 2280 2279) 
(Q 2199 2200 2281 2280) 
(Q 2200 2201 2282 2281) 
(Q 2201 2202 2283 2282) 
(Q 2202 2203 2284 2283) 
(Q 2203 2204 2285 2284) 
(Q 2204 2205 2286 2285) 
(Q 2205 2206 2287 2286) 
(Q 2206 2207 2288 2287) 
(Q 2207 2208 2289 2288) 
(Q 2208 2209 2290 2289) 
(Q 2209 2210 2291 2290) 
(Q 2210 2211 2292 2291) 
(Q 2211 2212 2293 2292) 
(Q 2212 2213 2294 2293) 
(Q 2213 2214 2295 2294) 
(Q 2214 2215 2296 2295) 
(Q 2215 2216 2297 2296) 
(Q 2216 2217 2298 2297) 
(Q 2217 2218 2299 2298) 
(Q 2218 2219 2300 2299) 
(Q 2219 2220 2301 2300) 
(Q 2220 2221 2302 2301) 
(Q 2221 2222 2303 2302) 
(Q 2222 2223 2304 2303) 
(Q 2223 2224 2305 2304) 
(Q 2224 2225 2306 2305) 
(Q 2225 2226 2307 2306) 
(Q 2226 2227 2308 2307) 
(Q 2227 2228 2309 2308) 
(Q 2228 2229 2310 2309) 
(Q 2229 2230 2311 2310) 
(Q 2230 2231 2312 2311) 
(Q 2231 2232 2313 2312) 
(Q 2232 2233 2314 2313) 
(Q 2233 2234 2315 2314) 
(Q 2234 2235 2316 2315) 
(Q 2235 2236 2317 2316) 
(Q 2236 2237 2318 2317) 
(Q 2237 2238 2319 2318) 
(Q 2238 2239 2320 2319) 
(Q 2239 2240 2321 2320) 
(Q 2240 2241 2322 2321) 
(Q 2241 2242 2323 2322) 
(Q 2242 2243 2324 2323) 
(Q 2243 2244 2325 2324) 
(Q 2244 2245 2326 2325) 
(Q 2245 2246 2327 2326) 
(Q 2246 2247 2328 2327) 
(Q 2247 2248 2329 2328) 
(Q 2248 2249 2330 2329) 
(Q 2249 2250 2331 2330) 
(Q 2250 2251 2332 2331) 
(Q 2251 2252 2333 2332) 
(Q 2252 2253 2334 2333) 
(Q 2253 2254 2335 2334) 
(Q 2254 2255 2336 2335) 
(Q 2255 2256 2337 2336) 
(Q 2256 2257 2338 2337) 
(Q 2257 2258 2339 2338) 
(Q 2258 2259 2340 2339) 
(Q 2259 2260 2341 2340) 
(Q 2260 2261 2342 2341) 
(Q 2261 2262 2343 2342) 
(Q 2262 2263 2344 2343) 
(Q 2263 2264 2345 2344) 
(Q 2264 2265 2346 2345) 
(Q 2265 2266 2347 2346) 
(Q 2266 2267 2348 2347) 
(Q 2268 2269 2350 2349) 
(Q 2269 2270 2351 2350) 
(Q 2270 2271 2352 2351) 
(Q 2271 2272 2353 2352) 
(Q 2272 2273 2354 2353) 
(Q 2273 2274 2355 2354) 
(Q 2274 2275 2356 2355) 
(Q 2275 2276 2357 2356) 
(Q 2276 2277 2358 2357) 
(Q 2277 2278 2359 2358) 
(Q 2278 2279 2360 2359) 
(Q 2279 2280 2361 2360) 
(Q 2280 2281 2362 2361) 
(Q 2281 2282 2363 2362) 
(Q 2282 2283 2364 2363) 
(Q 2283 2284 2365 2364) 
(Q 2284 2285 2366 2365) 
(Q 2285 2286 2367 2366) 
(Q 2286 2287 2368 2367) 
(Q 2287 2288 2369 2368) 
(Q 2288 2289 2370 2369) 
(Q 2289 2290 2371 2370) 
(Q 2290 2291 2372 2371) 
(Q 2291 2292 2373 2372) 
(Q 2292 2293 2374 2373) 
(Q 2293 2294 2375 2374) 
(Q 2294 2295 2376 2375) 
(Q 2295 2296 2377 2376) 
(Q 2296 2297 2378 2377) 
(Q 2297 2298 2379 2378) 
(Q 2298 2299 2380 2379) 
(Q 2299 2300 2381 2380) 
(Q 2300 2301 2382 2381) 
(Q 2301 2302 2383 2382) 
(Q 2302 2303 2384 2383) 
(Q 2303 2304 2385 2384) 
(Q 2304 2305 2386 2385) 
(Q 2305 2306 2387 2386) 
(Q 2306 2307 2388 2387) 
(Q 2307 2308 2389 2388) 
(Q 2308 2309 2390 2389) 
(Q 2309 2310 2391 2390) 
(Q 2310 2311 2392 2391) 
(Q 2311 2312 2393 2392) 
(Q 2312 2313 2394 2393) 
(Q 2313 2314 2395 2394) 
(Q 2314 2315 2396 2395) 
(Q 2315 2316 2397 2396) 
(Q 2316 2317 2398 2397) 
(Q 2317 2318 2399 2398) 
(Q 2318 2319 2400 2399) 
(Q 2319 2320 2401 2400) 
(Q 2320 2321 2402 2401) 
(Q 2321 2322 2403 2402) 
(Q 2322 2323 2404 2403) 
(Q 2323 2324 2405 2404) 
(Q 2324 2325 2406 2405) 
(Q 2325 2326 2407 2406) 
(Q 2326 2327 2408 2407) 
(Q 2327 2328 2409 2408) 
(Q 2328 2329 2410 2409) 
(Q 2329 2330 2411 2410) 
(Q 2330 2331 2412 2411) 
(Q 2331 2332 2413 2412) 
(Q 2332 2333 2414 2413) 
(Q 2333 2334 2415 2414) 
(Q 2334 2335 2416 2415) 
(Q 2335 2336 2417 2416) 
(Q 2336 2337 2418 2417) 
(Q 2337 2338 2419 2418) 
(Q 2338 2339 2420 2419) 
(Q 2339 2340 2421 2420) 
(Q 2340 2341 2422 2421) 
(Q 2341 2342 2423 2422) 
(Q 2342 2343 2424 2423) 
(Q 2343 2344 2425 2424) 
(Q 2344 2345 2426 2425) 
(Q 2345 2346 2427 2426) 
(Q 2346 2347 2428 2427) 
(Q 2347 2348 2429 2428) 
(Q 2349 2350 2431 2430) 
(Q 2350 2351 2432 2431) 
(Q 2351 2352 2433 2432) 
(Q 2352 2353 2434 2433) 
(Q 2353 2354 2435 2434) 
(Q 2354 2355 2436 2435) 
(Q 2355 2356 2437 2436) 
(Q 2356 2357 2438 2437) 
(Q 2357 2358 2439 2438) 
(Q 2358 2359 2440 2439) 
(Q 2359 2360 2441 2440) 
(Q 2360 2361 2442 2441) 
(Q 2361 2362 2443 2442) 
(Q 2362 2363 2444 2443) 
(Q 2363 2364 2445 2444) 
(Q 2364 2365 2446 2445) 
(Q 2365 2366 2447 2446) 
(Q 2366 2367 2448 2447) 
(Q 2367 2368 2449 2448) 
(Q 2368 2369 2450 2449) 
(Q 2369 2370 2451 2450) 
(Q 2370 2371 2452 2451) 
(Q 2371 2372 2453 2452) 
(Q 2372 2373 2454 2453) 
(Q 2373 2374 2455 2454) 
(Q 2374 2375 2456 2455) 
(Q 2375 2376 2457 2456) 
(Q 2376 2377 2458 2457) 
(Q 2377 2378 2459 2458) 
(Q 2378 2379 2460 2459) 
(Q 2379 2380 2461 2460) 
(Q 2380 2381 2462 2461) 
(Q 2381 2382 2463 2462) 
(Q 2382 2383 2464 2463) 
(Q 2383 2384 2465 2464) 
(Q 2384 2385 2466 2465) 
(Q 2385 2386 2467 2466) 
(Q 2386 2387 2468 2467) 
(Q 2387 2388 2469 2468) 
(Q 2388 2389 2470 2469) 
(Q 2389 2390 2471 2470) 
(Q 2390 2391 2472 2471) 
(Q 2391 2392 2473 2472) 
(Q 2392 2393 2474 2473) 
(Q 2393 2394 2475 2474) 
(Q 2394 2395 2476 2475) 
(Q 2395 2396 2477 2476) 
(Q 2396 2397 2478 2477) 
(Q 2397 2398 2479 2478) 
(Q 2398 2399 2480 2479) 
(Q 2399 2400 2481 2480) 
(Q 2400 2401 2482 2481) 
(Q 2401 2402 2483 2482) 
(Q 2402 2403 2484 2483) 
(Q 2403 2404 2485 2484) 
(Q 2404 2405 2486 2485) 
(Q 2405 2406 2487 2486) 
(Q 2406 2407 2488 2487) 
(Q 2407 2408 2489 2488) 
(Q 2408 2409 2490 2489) 
(Q 2409 2410 2491 2490) 
(Q 2410 2411 2492 2491) 
(Q 2411 2412 2493 2492) 
(Q 2412 2413 2494 2493) 
(Q 2413 2414 2495 2494) 
(Q 2414 2415 2496 2495) 
(Q 2415 2416 2497 2496) 
(Q 2416 2417 2498 2497) 
(Q 2417 2418 2499 2498) 
(Q 2418 2419 2500 2499) 
(Q 2419 2420 2501 2500) 
(Q 2420 2421 2502 2501) 
(Q 2421 2422 2503 2502) 
(Q 2422 2423 2504 2503) 
(Q 2423 2424 2505 2504) 
(Q 2424 2425 2506 2505) 
(Q 2425 2426 2507 2506) 
(Q 2426 2427 2508 2507) 
(Q 2427 2428 2509 2508) 
(Q 2428 2429 2510 2509) 
(Q 2430 2431 2512 2511) 
(Q 2431 2432 2513 2512) 
(Q 2432 2433 2514 2513) 
(Q 2433 2434 2515 2514) 
(Q 2434 2435 2516 2515) 
(Q 2435 2436 2517 2516) 
(Q 2436 2437 2518 2517) 
(Q 2437 2438 2519 2518) 
(Q 2438 2439 2520 2519) 
(Q 2439 2440 2521 2520) 
(Q 2440 2441 2522 2521) 
(Q 2441 2442 2523 2522) 
(Q 2442 2443 2524 2523) 
(Q 2443 2444 2525 2524) 
(Q 2444 2445 2526 2525) 
(Q 2445 2446 2527 2526) 
(Q 2446 2447 2528 2527) 
(Q 2447 2448 2529 2528) 
(Q 2448 2449 2530 2529) 
(Q 2449 2450 2531 2530) 
(Q 2450 2451 2532 2531) 
(Q 2451 2452 2533 2532) 
(Q 2452 2453 2534 2533) 
(Q 2453 2454 2535 2534) 
(Q 2454 2455 2536 2535) 
(Q 2455 2456 2537 2536) 
(Q 2456 2457 2538 2537) 
(Q 2457 2458 2539 2538) 
(Q 2458 2459 2540 2539) 
(Q 2459 2460 2541 2540) 
(Q 2460 2461 2542 2541) 
(Q 2461 2462 2543 2542) 
(Q 2462 2463 2544 2543) 
(Q 2463 2464 2545 2544) 
(Q 2464 2465 2546 2545) 
(Q 2465 2466 2547 2546) 
(Q 2466 2467 2548 2547) 
(Q 2467 2468 2549 2548) 
(Q 2468 2469 2550 2549) 
(Q 2469 2470 2551 2550) 
(Q 2470 2471 2552 2551) 
(Q 2471 2472 2553 2552) 
(Q 2472 2473 2554 2553) 
(Q 2473 2474 2555 2554) 
(Q 2474 2475 2556 2555) 
(Q 2475 2476 2557 2556) 
(Q 2476 2477 2558 2557) 
(Q 2477 2478 2559 2558) 
(Q 2478 2479 2560 2559) 
(Q 2479 2480 2561 2560) 
(Q 2480 2481 2562 2561) 
(Q 2481 2482 2563 2562) 
(Q 2482 2483 2564 2563) 
(Q 2483 2484 2565 2564) 
(Q 2484 2485 2566 2565) 
(Q 2485 2486 2567 2566) 
(Q 2486 2487 2568 2567) 
(Q 2487 2488 2569 2568) 
(Q 2488 2489 2570 2569) 
(Q 2489 2490 2571 2570) 
(Q 2490 2491 2572 2571) 
(Q 2491 2492 2573 2572) 
(Q 2492 2493 2574 2573) 
(Q 2493 2494 2575 2574) 
(Q 2494 2495 2576 2575) 
(Q 2495 2496 2577 2576) 
(Q 2496 2497 2578 2577) 
(Q 2497 2498 2579 2578) 
(Q 2498 2499 2580 2579) 
(Q 2499 2500 2581 2580) 
(Q 2500 2501 2582 2581) 
(Q 2501 2502 2583 2582) 
(Q 2502 2503 2584 2583) 
(Q 2503 2504 2585 2584) 
(Q 2504 2505 2586 2585) 
(Q 2505 2506 2587 2586) 
(Q 2506 2507 2588 2587) 
(Q 2507 2508 2589 2588) 
(Q 2508 2509 2590 2589) 
(Q 2509 2510 2591 2590) 
(Q 2511 2512 2593 2592) 
(Q 2512 2513 2594 2593) 
(Q 2513 2514 2595 2594) 
(Q 2514 2515 2596 2595) 
(Q 2515 2516 2597 2596) 
(Q 2516 2517 2598 2597) 
(Q 2517 2518 2599 2598) 
(Q 2518 2519 2600 2599) 
(Q 2519 2520 2601 2600) 
(Q 2520 2521 2602 2601) 
(Q 2521 2522 2603 2602) 
(Q 2522 2523 2604 2603) 
(Q 2523 2524 2605 2604) 
(Q 2524 2525 2606 2605) 
(Q 2525 2526 2607 2606) 
(Q 2526 2527 2608 2607) 
(Q 2527 2528 2609 2608) 
(Q 2528 2529 2610 2609) 
(Q 2529 2530 2611 2610) 
(Q 2530 2531 2612 2611) 
(Q 2531 2532 2613 2612) 
(Q 2532 2533 2614 2613) 
(Q 2533 2534 2615 2614) 
(Q 2534 2535 2616 2615) 
(Q 2535 2536 2617 2616) 
(Q 2536 2537 2618 2617) 
(Q 2537 2538 2619 2618) 
(Q 2538 2539 2620 2619) 
(Q 2539 2540 2621 2620) 
(Q 2540 2541 2622 2621) 
(Q 2541 2542 2623 2622) 
(Q 2542 2543 2624 2623) 
(Q 2543 2544 2625 2624) 
(Q 2544 2545 2626 2625) 
(Q 2545 2546 2627 2626) 
(Q 2546 2547 2628 2627) 
(Q 2547 2548 2629 2628) 
(Q 2548 2549 2630 2629) 
(Q 2549 2550 2631 2630) 
(Q 2550 2551 2632 2631) 
(Q 2551 2552 2633 2632) 
(Q 2552 2553 2634 2633) 
(Q 2553 2554 2635 2634) 
(Q 2554 2555 2636 2635) 
(Q 2555 2556 2637 2636) 
(Q 2556 2557 2638 2637) 
(Q 2557 2558 2639 2638) 
(Q 2558 2559 2640 2639) 
(Q 2559 2560 2641 2640) 
(Q 2560 2561 2642 2641) 
(Q 2561 2562 2643 2642) 
(Q 2562 2563 2644 2643) 
(Q 2563 2564 2645 2644) 
(Q 2564 2565 2646 2645) 
(Q 2565 2566 2647 2646) 
(Q 2566 2567 2648 2647) 
(Q 2567 2568 2649 2648) 
(Q 2568 2569 2650 2649) 
(Q 2569 2570 2651 2650) 
(Q 2570 2571 2652 2651) 
(Q 2571 2572 2653 2652) 
(Q 2572 2573 2654 2653) 
(Q 2573 2574 2655 2654) 
(Q 2574 2575 2656 2655) 
(Q 2575 2576 2657 2656) 
(Q 2576 2577 2658 2657) 
(Q 2577 2578 2659 2658) 
(Q 2578 2579 2660 2659) 
(Q 2579 2580 2661 2660) 
(Q 2580 2581 2662 2661) 
(Q 2581 2582 2663 2662) 
(Q 2582 2583 2664 2663) 
(Q 2583 2584 2665 2664) 
(Q 2584 2585 2666 2665) 
(Q 2585 2586 2667 2666) 
(Q 2586 2587 2668 2667) 
(Q 2587 2588 2669 2668) 
(Q 2588 2589 2670 2669) 
(Q 2589 2590 2671 2670) 
(Q 2590 2591 2672 2671) 
(Q 2592 2593 2674 2673) 
(Q 2593 2594 2675 2674) 
(Q 2594 2595 2676 2675) 
(Q 2595 2596 2677 2676) 
(Q 2596 2597 2678 2677) 
(Q 2597 2598 2679 2678) 
(Q 2598 2599 2680 2679) 
(Q 2599 2600 2681 2680) 
(Q 2600 2601 2682 2681) 
(Q 2601 2602 2683 2682) 
(Q 2602 2603 2684 2683) 
(Q 2603 2604 2685 2684) 
(Q 2604 2605 2686 2685) 
(Q 2605 2606 2687 2686) 
(Q 2606 2607 2688 2687) 
(Q 2607 2608 2689 2688) 
(Q 2608 2609 2690 2689) 
(Q 2609 2610 2691 2690) 
(Q 2610 2611 2692 2691) 
(Q 2611 2612 2693 2692) 
(Q 2612 2613 2694 2693) 
(Q 2613 2614 2695 2694) 
(Q 2614 2615 2696 2695) 
(Q 2615 2616 2697 2696) 
(Q 2616 2617 2698 2697) 
(Q 2617 2618 2699 2698) 
(Q 2618 2619 2700 2699) 
(Q 2619 2620 2701 2700) 
(Q 2620 2621 2702 2701) 
(Q 2621 2622 2703 2702) 
(Q 2622 2623 2704 2703) 
(Q 2623 2624 2705 2704) 
(Q 2624 2625 2706 2705) 
(Q 2625 2626 2707 2706) 
(Q 2626 2627 2708 2707) 
(Q 2627 2628 2709 2708) 
(Q 2628 2629 2710 2709) 
(Q 2629 2630 2711 2710) 
(Q 2630 2631 2712 2711) 
(Q 2631 2632 2713 2712) 
(Q 2632 2633 2714 2713) 
(Q 2633 2634 2715 2714) 
(Q 2634 2635 2716 2715) 
(Q 2635 2636 2717 2716) 
(Q 2636 2637 2718 2717) 
(Q 2637 2638 2719 2718) 
(Q 2638 2639 2720 2719) 
(Q 2639 2640 2721 2720) 
(Q 2640 2641 2722 2721) 
(Q 2641 2642 2723 2722) 
(Q 2642 2643 2724 2723) 
(Q 2643 2644 2725 2724) 
(Q 2644 2645 2726 2725) 
(Q 2645 2646 2727 2726) 
(Q 2646 2647 2728 2727) 
(Q 2647 2648 2729 2728) 
(Q 2648 2649 2730 2729) 
(Q 2649 2650 2731 2730) 
(Q 2650 2651 2732 2731) 
(Q 2651 2652 2733 2732) 
(Q 2652 2653 2734 2733) 
(Q 2653 2654 2735 2734) 
(Q 2654 2655 2736 2735) 
(Q 2655 2656 2737 2736) 
(Q 2656 2657 2738 2737) 
(Q 2657 2658 2739 2738) 
(Q 2658 2659 2740 2739) 
(Q 2659 2660 2741 2740) 
(Q 2660 2661 2742 2741) 
(Q 2661 2662 2743 2742) 
(Q 2662 2663 2744 2743) 
(Q 2663 2664 2745 2744) 
(Q 2664 2665 2746 2745) 
(Q 2665 2666 2747 2746) 
(Q 2666 2667 2748 2747) 
(Q 2667 2668 2749 2748) 
(Q 2668 2669 2750 2749) 
(Q 2669 2670 2751 2750) 
(Q 2670 2671 2752 2751) 
(Q 2671 2672 2753 2752) 
(Q 2673 2674 2755 2754) 
(Q 2674 2675 2756 2755) 
(Q 2675 2676 2757 2756) 
(Q 2676 2677 2758 2757) 
(Q 2677 2678 2759 2758) 
(Q 2678 2679 2760 2759) 
(Q 2679 2680 2761 2760) 
(Q 2680 2681 2762 2761) 
(Q 2681 2682 2763 2762) 
(Q 2682 2683 2764 2763) 
(Q 2683 2684 2765 2764) 
(Q 2684 2685 2766 2765) 
(Q 2685 2686 2767 2766) 
(Q 2686 2687 2768 2767) 
(Q 2687 2688 2769 2768) 
(Q 2688 2689 2770 2769) 
(Q 2689 2690 2771 2770) 
(Q 2690 2691 2772 2771) 
(Q 2691 2692 2773 2772) 
(Q 2692 2693 2774 2773) 
(Q 2693 2694 2775 2774) 
(Q 2694 2695 2776 2775) 
(Q 2695 2696 2777 2776) 
(Q 2696 2697 2778 2777) 
(Q 2697 2698 2779 2778) 
(Q 2698 2699 2780 2779) 
(Q 2699 2700 2781 2780) 
(Q 2700 2701 2782 2781) 
(Q 2701 2702 2783 2782) 
(Q 2702 2703 2784 2783) 
(Q 2703 2704 2785 2784) 
(Q 2704 2705 2786 2785) 
(Q 2705 2706 2787 2786) 
(Q 2706 2707 2788 2787) 
(Q 2707 2708 2789 2788) 
(Q 2708 2709 2790 2789) 
(Q 2709 2710 2791 2790) 
(Q 2710 2711 2792 2791) 
(Q 2711 2712 2793 2792) 
(Q 2712 2713 2794 2793) 
(Q 2713 2714 2795 2794) 
(Q 2714 2715 2796 2795) 
(Q 2715 2716 2797 2796) 
(Q 2716 2717 2798 2797) 
(Q 2717 2718 2799 2798) 
(Q 2718 2719 2800 2799) 
(Q 2719 2720 2801 2800) 
(Q 2720 2721 2802 2801) 
(Q 2721 2722 2803 2802) 
(Q 2722 2723 2804 2803) 
(Q 2723 2724 2805 2804) 
(Q 2724 2725 2806 2805) 
(Q 2725 2726 2807 2806) 
(Q 2726 2727 2808 2807) 
(Q 2727 2728 2809 2808) 
(Q 2728 2729 2810 2809) 
(Q 2729 2730 2811 2810) 
(Q 2730 2731 2812 2811) 
(Q 2731 2732 2813 2812) 
(Q 2732 2733 2814 2813) 
(Q 2733 2734 2815 2814) 
(Q 2734 2735 2816 2815) 
(Q 2735 2736 2817 2816) 
(Q 2736 2737 2818 2817) 
(Q 2737 2738 2819 2818) 
(Q 2738 2739 2820 2819) 
(Q 2739 2740 2821 2820) 
(Q 2740 2741 2822 2821) 
(Q 2741 2742 2823 2822) 
(Q 2742 2743 2824 2823) 
(Q 2743 2744 2825 2824) 
(Q 2744 2745 2826 2825) 
(Q 2745 2746 2827 2826) 
(Q 2746 2747 2828 2827) 
(Q 2747 2748 2829 2828) 
(Q 2748 2749 2830 2829) 
(Q 2749 2750 2831 2830) 
(Q 2750 2751 2832 2831) 
(Q 2751 2752 2833 2832) 
(Q 2752 2753 2834 2833) 
(Q 2754 2755 2836 2835) 
(Q 2755 2756 2837 2836) 
(Q 2756 2757 2838 2837) 
(Q 2757 2758 2839 2838) 
(Q 2758 2759 2840 2839) 
(Q 2759 2760 2841 2840) 
(Q 2760 2761 2842 2841) 
(Q 2761 2762 2843 2842) 
(Q 2762 2763 2844 2843) 
(Q 2763 2764 2845 2844) 
(Q 2764 2765 2846 2845) 
(Q 2765 2766 2847 2846) 
(Q 2766 2767 2848 2847) 
(Q 2767 2768 2849 2848) 
(Q 2768 2769 2850 2849) 
(Q 2769 2770 2851 2850) 
(Q 2770 2771 2852 2851) 
(Q 2771 2772 2853 2852) 
(Q 2772 2773 2854 2853) 
(Q 2773 2774 2855 2854) 
(Q 2774 2775 2856 2855) 
(Q 2775 2776 2857 2856) 
(Q 2776 2777 2858 2857) 
(Q 2777 2778 2859 2858) 
(Q 2778 2779 2860 2859) 
(Q 2779 2780 2861 2860) 
(Q 2780 2781 2862 2861) 
(Q 2781 2782 2863 2862) 
(Q 2782 2783 2864 2863) 
(Q 2783 2784 2865 2864) 
(Q 2784 2785 2866 2865) 
(Q 2785 2786 2867 2866) 
(Q 2786 2787 2868 2867) 
(Q 2787 2788 2869 2868) 
(Q 2788 2789 2870 2869) 
(Q 2789 2790 2871 2870) 
(Q 2790 2791 2872 2871) 
(Q 2791 2792 2873 2872) 
(Q 2792 2793 2874 2873) 
(Q 2793 2794 2875 2874) 
(Q 2794 2795 2876 2875) 
(Q 2795 2796 2877 2876) 
(Q 2796 2797 2878 2877) 
(Q 2797 2798 2879 2878) 
(Q 2798 2799 2880 2879) 
(Q 2799 2800 2881 2880) 
(Q 2800 2801 2882 2881) 
(Q 2801 2802 2883 2882) 
(Q 2802 2803 2884 2883) 
(Q 2803 2804 2885 2884) 
(Q 2804 2805 2886 2885) 
(Q 2805 2806 2887 2886) 
(Q 2806 2807 2888 2887) 
(Q 2807 2808 2889 2888) 
(Q 2808 2809 2890 2889) 
(Q 2809 2810 2891 2890) 
(Q 2810 2811 2892 2891) 
(Q 2811 2812 2893 2892) 
(Q 2812 2813 2894 2893) 
(Q 2813 2814 2895 2894) 
(Q 2814 2815 2896 2895) 
(Q 2815 2816 2897 2896) 
(Q 2816 2817 2898 2897) 
(Q 2817 2818 2899 2898) 
(Q 2818 2819 2900 2899) 
(Q 2819 2820 2901 2900) 
(Q 2820 2821 2902 2901) 
(Q 2821 2822 2903 2902) 
(Q 2822 2823 2904 2903) 
(Q 2823 2824 2905 2904) 
(Q 2824 2825 2906 2905) 
(Q 2825 2826 2907 2906) 
(Q 2826 2827 2908 2907) 
(Q 2827 2828 2909 2908) 
(Q 2828 2829 2910 2909) 
(Q 2829 2830 2911 2910) 
(Q 2830 2831 2912 2911) 
(Q 2831 2832 2913 2912) 
(Q 2832 2833 2914 2913) 
(Q 2833 2834 2915 2914) 
(Q 2835 2836 2917 2916) 
(Q 2836 2837 2918 2917) 
(Q 2837 2838 2919 2918) 
(Q 2838 2839 2920 2919) 
(Q 2839 2840 2921 2920) 
(Q 2840 2841 2922 2921) 
(Q 2841 2842 2923 2922) 
(Q 2842 2843 2924 2923) 
(Q 2843 2844 2925 2924) 
(Q 2844 2845 2926 2925) 
(Q 2845 2846 2927 2926) 
(Q 2846 2847 2928 2927) 
(Q 2847 2848 2929 2928) 
(Q 2848 2849 2930 2929) 
(Q 2849 2850 2931 2930) 
(Q 2850 2851 2932 2931) 
(Q 2851 2852 2933 2932) 
(Q 2852 2853 2934 2933) 
(Q 2853 2854 2935 2934) 
(Q 2854 2855 2936 2935) 
(Q 2855 2856 2937 2936) 
(Q 2856 2857 2938 2937) 
(Q 2857 2858 2939 2938) 
(Q 2858 2859 2940 2939) 
(Q 2859 2860 2941 2940) 
(Q 2860 2861 2942 2941) 
(Q 2861 2862 2943 2942) 
(Q 2862 2863 2944 2943) 
(Q 2863 2864 2945 2944) 
(Q 2864 2865 2946 2945) 
(Q 2865 2866 2947 2946) 
(Q 2866 2867 2948 2947) 
(Q 2867 2868 2949 2948) 
(Q 2868 2869 2950 2949) 
(Q 2869 2870 2951 2950) 
(Q 2870 2871 2952 2951) 
(Q 2871 2872 2953 2952) 
(Q 2872 2873 2954 2953) 
(Q 2873 2874 2955 2954) 
(Q 2874 2875 2956 2955) 
(Q 2875 2876 2957 2956) 
(Q 2876 2877 2958 2957) 
(Q 2877 2878 2959 2958) 
(Q 2878 2879 2960 2959) 
(Q 2879 2880 2961 2960) 
(Q 2880 2881 2962 2961) 
(Q 2881 2882 2963 2962) 
(Q 2882 2883 2964 2963) 
(Q 2883 2884 2965 2964) 
(Q 2884 2885 2966 2965) 
(Q 2885 2886 2967 2966) 
(Q 2886 2887 2968 2967) 
(Q 2887 2888 2969 2968) 
(Q 2888 2889 2970 2969) 
(Q 2889 2890 2971 2970) 
(Q 2890 2891 2972 2971) 
(Q 2891 2892 2973 2972) 
(Q 2892 2893 2974 2973) 
(Q 2893 2894 2975 2974) 
(Q 2894 2895 2976 2975) 
(Q 2895 2896 2977 2976) 
(Q 2896 2897 2978 2977) 
(Q 2897 2898 2979 2978) 
(Q 2898 2899 2980 2979) 
(Q 2899 2900 2981 2980) 
(Q 2900 2901 2982 2981) 
(Q 2901 2902 2983 2982) 
(Q 2902 2903 2984 2983) 
(Q 2903 2904 2985 2984) 
(Q 2904 2905 2986 2985) 
(Q 2905 2906 2987 2986) 
(Q 2906 2907 2988 2987) 
(Q 2907 2908 2989 2988) 
(Q 2908 2909 2990 2989) 
(Q 2909 2910 2991 2990) 
(Q 2910 2911 2992 2991) 
(Q 2911 2912 2993 2992) 
(Q 2912 2913 2994 2993) 
(Q 2913 2914 2995 2994) 
(Q 2914 2915 2996 2995) 
(Q 2916 2917 2998 2997) 
(Q 2917 2918 2999 2998) 
(Q 2918 2919 3000 2999) 
(Q 2919 2920 3001 3000) 
(Q 2920 2921 3002 3001) 
(Q 2921 2922 3003 3002) 
(Q 2922 2923 3004 3003) 
(Q 2923 2924 3005 3004) 
(Q 2924 2925 3006 3005) 
(Q 2925 2926 3007 3006) 
(Q 2926 2927 3008 3007) 
(Q 2927 2928 3009 3008) 
(Q 2928 2929 3010 3009) 
(Q 2929 2930 3011 3010) 
(Q 2930 2931 3012 3011) 
(Q 2931 2932 3013 3012) 
(Q 2932 2933 3014 3013) 
(Q 2933 2934 3015 3014) 
(Q 2934 2935 3016 3015) 
(Q 2935 2936 3017 3016) 
(Q 2936 2937 3018 3017) 
(Q 2937 2938 3019 3018) 
(Q 2938 2939 3020 3019) 
(Q 2939 2940 3021 3020) 
(Q 2940 2941 3022 3021) 
(Q 2941 2942 3023 3022) 
(Q 2942 2943 3024 3023) 
(Q 2943 2944 3025 3024) 
(Q 2944 2945 3026 3025) 
(Q 2945 2946 3027 3026) 
(Q 2946 2947 3028 3027) 
(Q 2947 2948 3029 3028) 
(Q 2948 2949 3030 3029) 
(Q 2949 2950 3031 3030) 
(Q 2950 2951 3032 3031) 
(Q 2951 2952 3033 3032) 
(Q 2952 2953 3034 3033) 
(Q 2953 2954 3035 3034) 
(Q 2954 2955 3036 3035) 
(Q 2955 2956 3037 3036) 
(Q 2956 2957 3038 3037) 
(Q 2957 2958 3039 3038) 
(Q 2958 2959 3040 3039) 
(Q 2959 2960 3041 3040) 
(Q 2960 2961 3042 3041) 
(Q 2961 2962 3043 3042) 
(Q 2962 2963 3044 3043) 
(Q 2963 2964 3045 3044) 
(Q 2964 2965 3046 3045) 
(Q 2965 2966 3047 3046) 
(Q 2966 2967 3048 3047) 
(Q 2967 2968 3049 3048) 
(Q 2968 2969 3050 3049) 
(Q 2969 2970 3051 3050) 
(Q 2970 2971 3052 3051) 
(Q 2971 2972 3053 3052) 
(Q 2972 2973 3054 3053) 
(Q 2973 2974 3055 3054) 
(Q 2974 2975 3056 3055) 
(Q 2975 2976 3057 3056) 
(Q 2976 2977 3058 3057) 
(Q 2977 2978 3059 3058) 
(Q 2978 2979 3060 3059) 
(Q 2979 2980 3061 3060) 
(Q 2980 2981 3062 3061) 
(Q 2981 2982 3063 3062) 
(Q 2982 2983 3064 3063) 
(Q 2983 2984 3065 3064) 
(Q 2984 2985 3066 3065) 
(Q 2985 2986 3067 3066) 
(Q 2986 2987 3068 3067) 
(Q 2987 2988 3069 3068) 
(Q 2988 2989 3070 3069) 
(Q 2989 2990 3071 3070) 
(Q 2990 2991 3072 3071) 
(Q 2991 2992 3073 3072) 
(Q 2992 2993 3074 3073) 
(Q 2993 2994 3075 3074) 
(Q 2994 2995 3076 3075) 
(Q 2995 2996 3077 3076) 
(Q 2997 2998 3079 3078) 
(Q 2998 2999 3080 3079) 
(Q 2999 3000 3081 3080) 
(Q 3000 3001 3082 3081) 
(Q 3001 3002 3083 3082) 
(Q 3002 3003 3084 3083) 
(Q 3003 3004 3085 3084) 
(Q 3004 3005 3086 3085) 
(Q 3005 3006 3087 3086) 
(Q 3006 3007 3088 3087) 
(Q 3007 3008 3089 3088) 
(Q 3008 3009 3090 3089) 
(Q 3009 3010 3091 3090) 
(Q 3010 3011 3092 3091) 
(Q 3011 3012 3093 3092) 
(Q 3012 3013 3094 3093) 
(Q 3013 3014 3095 3094) 
(Q 3014 3015 3096 3095) 
(Q 3015 3016 3097 3096) 
(Q 3016 3017 3098 3097) 
(Q 3017 3018 3099 3098) 
(Q 3018 3019 3100 3099) 
(Q 3019 3020 3101 3100) 
(Q 3020 3021 3102 3101) 
(Q 3021 3022 3103 3102) 
(Q 3022 3023 3104 3103) 
(Q 3023 3024 3105 3104) 
(Q 3024 3025 3106 3105) 
(Q 3025 3026 3107 3106) 
(Q 3026 3027 3108 3107) 
(Q 3027 3028 3109 3108) 
(Q 3028 3029 3110 3109) 
(Q 3029 3030 3111 3110) 
(Q 3030 3031 3112 3111) 
(Q 3031 3032 3113 3112) 
(Q 3032 3033 3114 3113) 
(Q 3033 3034 3115 3114) 
(Q 3034 3035 3116 3115) 
(Q 3035 3036 3117 3116) 
(Q 3036 3037 3118 3117) 
(Q 3037 3038 3119 3118) 
(Q 3038 3039 3120 3119) 
(Q 3039 3040 3121 3120) 
(Q 3040 3041 3122 3121) 
(Q 3041 3042 3123 3122) 
(Q 3042 3043 3124 3123) 
(Q 3043 3044 3125 3124) 
(Q 3044 3045 3126 3125) 
(Q 3045 3046 3127 3126) 
(Q 3046 3047 3128 3127) 
(Q 3047 3048 3129 3128) 
(Q 3048 3049 3130 3129) 
(Q 3049 3050 3131 3130) 
(Q 3050 3051 3132 3131) 
(Q 3051 3052 3133 3132) 
(Q 3052 3053 3134 3133) 
(Q 3053 3054 3135 3134) 
(Q 3054 3055 3136 3135) 
(Q 3055 3056 3137 3136) 
(Q 3056 3057 3138 3137) 
(Q 3057 3058 3139 3138) 
(Q 3058 3059 3140 3139) 
(Q 3059 3060 3141 3140) 
(Q 3060 3061 3142 3141) 
(Q 3061 3062 3143 3142) 
(Q 3062 3063 3144 3143) 
(Q 3063 3064 3145 3144) 
(Q 3064 3065 3146 3145) 
(Q 3065 3066 3147 3146) 
(Q 3066 3067 3148 3147) 
(Q 3067 3068 3149 3148) 
(Q 3068 3069 3150 3149) 
(Q 3069 3070 3151 3150) 
(Q 3070 3071 3152 3151) 
(Q 3071 3072 3153 3152) 
(Q 3072 3073 3154 3153) 
(Q 3073 3074 3155 3154) 
(Q 3074 3075 3156 3155) 
(Q 3075 3076 3157 3156) 
(Q 3076 3077 3158 3157) 
(Q 3078 3079 3160 3159) 
(Q 3079 3080 3161 3160) 
(Q 3080 3081 3162 3161) 
(Q 3081 3082 3163 3162) 
(Q 3082 3083 3164 3163) 
(Q 3083 3084 3165 3164) 
(Q 3084 3085 3166 3165) 
(Q 3085 3086 3167 3166) 
(Q 3086 3087 3168 3167) 
(Q 3087 3088 3169 3168) 
(Q 3088 3089 3170 3169) 
(Q 3089 3090 3171 3170) 
(Q 3090 3091 3172 3171) 
(Q 3091 3092 3173 3172) 
(Q 3092 3093 3174 3173) 
(Q 3093 3094 3175 3174) 
(Q 3094 3095 3176 3175) 
(Q 3095 3096 3177 3176) 
(Q 3096 3097 3178 3177) 
(Q 3097 3098 3179 3178) 
(Q 3098 3099 3180 3179) 
(Q 3099 3100 3181 3180) 
(Q 3100 3101 3182 3181) 
(Q 3101 3102 3183 3182) 
(Q 3102 3103 3184 3183) 
(Q 3103 3104 3185 3184) 
(Q 3104 3105 3186 3185) 
(Q 3105 3106 3187 3186) 
(Q 3106 3107 3188 3187) 
(Q 3107 3108 3189 3188) 
(Q 3108 3109 3190 3189) 
(Q 3109 3110 3191 3190) 
(Q 3110 3111 3192 3191) 
(Q 3111 3112 3193 3192) 
(Q 3112 3113 3194 3193) 
(Q 3113 3114 3195 3194) 
(Q 3114 3115 3196 3195) 
(Q 3115 3116 3197 3196) 
(Q 3116 3117 3198 3197) 
(Q 3117 3118 3199 3198) 
(Q 3118 3119 3200 3199) 
(Q 3119 3120 3201 3200) 
(Q 3120 3121 3202 3201) 
(Q 3121 3122 3203 3202) 
(Q 3122 3123 3204 3203) 
(Q 3123 3124 3205 3204) 
(Q 3124 3125 3206 3205) 
(Q 3125 3126 3207 3206) 
(Q 3126 3127 3208 3207) 
(Q 3127 3128 3209 3208) 
(Q 3128 3129 3210 3209) 
(Q 3129 3130 3211 3210) 
(Q 3130 3131 3212 3211) 
(Q 3131 3132 3213 3212) 
(Q 3132 3133 3214 3213) 
(Q 3133 3134 3215 3214) 
(Q 3134 3135 3216 3215) 
(Q 3135 3136 3217 3216) 
(Q 3136 3137 3218 3217) 
(Q 3137 3138 3219 3218) 
(Q 3138 3139 3220 3219) 
(Q 3139 3140 3221 3220) 
(Q 3140 3141 3222 3221) 
(Q 3141 3142 3223 3222) 
(Q 3142 3143 3224 3223) 
(Q 3143 3144 3225 3224) 
(Q 3144 3145 3226 3225) 
(Q 3145 3146 3227 3226) 
(Q 3146 3147 3228 3227) 
(Q 3147 3148 3229 3228) 
(Q 3148 3149 3230 3229) 
(Q 3149 3150 3231 3230) 
(Q 3150 3151 3232 3231) 
(Q 3151 3152 3233 3232) 
(Q 3152 3153 3234 3233) 
(Q 3153 3154 3235 3234) 
(Q 3154 3155 3236 3235) 
(Q 3155 3156 3237 3236) 
(Q 3156 3157 3238 3237) 
(Q 3157 3158 3239 3238) 
(Q 3159 3160 3241 3240) 
(Q 3160 3161 3242 3241) 
(Q 3161 3162 3243 3242) 
(Q 3162 3163 3244 3243) 
(Q 3163 3164 3245 3244) 
(Q 3164 3165 3246 3245) 
(Q 3165 3166 3247 3246) 
(Q 3166 3167 3248 3247) 
(Q 3167 3168 3249 3248) 
(Q 3168 3169 3250 3249) 
(Q 3169 3170 3251 3250) 
(Q 3170 3171 3252 3251) 
(Q 3171 3172 3253 3252) 
(Q 3172 3173 3254 3253) 
(Q 3173 3174 3255 3254) 
(Q 3174 3175 3256 3255) 
(Q 3175 3176 3257 3256) 
(Q 3176 3177 3258 3257) 
(Q 3177 3178 3259 3258) 
(Q 3178 3179 3260 3259) 
(Q 3179 3180 3261 3260) 
(Q 3180 3181 3262 3261) 
(Q 3181 3182 3263 3262) 
(Q 3182 3183 3264 3263) 
(Q 3183 3184 3265 3264) 
(Q 3184 3185 3266 3265) 
(Q 3185 3186 3267 3266) 
(Q 3186 3187 3268 3267) 
(Q 3187 3188 3269 3268) 
(Q 3188 3189 3270 3269) 
(Q 3189 3190 3271 3270) 
(Q 3190 3191 3272 3271) 
(Q 3191 3192 3273 3272) 
(Q 3192 3193 3274 3273) 
(Q 3193 3194 3275 3274) 
(Q 3194 3195 3276 3275) 
(Q 3195 3196 3277 3276) 
(Q 3196 3197 3278 3277) 
(Q 3197 3198 3279 3278) 
(Q 3198 3199 3280 3279) 
(Q 3199 3200 3281 3280) 
(Q 3200 3201 3282 3281) 
(Q 3201 3202 3283 3282) 
(Q 3202 3203 3284 3283) 
(Q 3203 3204 3285 3284) 
(Q 3204 3205 3286 3285) 
(Q 3205 3206 3287 3286) 
(Q 3206 3207 3288 3287) 
(Q 3207 3208 3289 3288) 
(Q 3208 3209 3290 3289) 
(Q 3209 3210 3291 3290) 
(Q 3210 3211 3292 3291) 
(Q 3211 3212 3293 3292) 
(Q 3212 3213 3294 3293) 
(Q 3213 3214 3295 3294) 
(Q 3214 3215 3296 3295) 
(Q 3215 3216 3297 3296) 
(Q 3216 3217 3298 3297) 
(Q 3217 3218 3299 3298) 
(Q 3218 3219 3300 3299) 
(Q 3219 3220 3301 3300) 
(Q 3220 3221 3302 3301) 
(Q 3221 3222 3303 3302) 
(Q 3222 3223 3304 3303) 
(Q 3223 3224 3305 3304) 
(Q 3224 3225 3306 3305) 
(Q 3225 3226 3307 3306) 
(Q 3226 3227 3308 3307) 
(Q 3227 3228 3309 3308) 
(Q 3228 3229 3310 3309) 
(Q 3229 3230 3311 3310) 
(Q 3230 3231 3312 3311) 
(Q 3231 3232 3313 3312) 
(Q 3232 3233 3314 3313) 
(Q 3233 3234 3315 3314) 
(Q 3234 3235 3316 3315) 
(Q 3235 3236 3317 3316) 
(Q 3236 3237 3318 3317) 
(Q 3237 3238 3319 3318) 
(Q 3238 3239 3320 3319) 
(Q 3240 3241 3322 3321) 
(Q 3241 3242 3323 3322) 
(Q 3242 3243 3324 3323) 
(Q 3243 3244 3325 3324) 
(Q 3244 3245 3326 3325) 
(Q 3245 3246 3327 3326) 
(Q 3246 3247 3328 3327) 
(Q 3247 3248 3329 3328) 
(Q 3248 3249 3330 3329) 
(Q 3249 3250 3331 3330) 
(Q 3250 3251 3332 3331) 
(Q 3251 3252 3333 3332) 
(Q 3252 3253 3334 3333) 
(Q 3253 3254 3335 3334) 
(Q 3254 3255 3336 3335) 
(Q 3255 3256 3337 3336) 
(Q 3256 3257 3338 3337) 
(Q 3257 3258 3339 3338) 
(Q 3258 3259 3340 3339) 
(Q 3259 3260 3341 3340) 
(Q 3260 3261 3342 3341) 
(Q 3261 3262 3343 3342) 
(Q 3262 3263 3344 3343) 
(Q 3263 3264 3345 3344) 
(Q 3264 3265 3346 3345) 
(Q 3265 3266 3347 3346) 
(Q 3266 3267 3348 3347) 
(Q 3267 3268 3349 3348) 
(Q 3268 3269 3350 3349) 
(Q 3269 3270 3351 3350) 
(Q 3270 3271 3352 3351) 
(Q 3271 3272 3353 3352) 
(Q 3272 3273 3354 3353) 
(Q 3273 3274 3355 3354) 
(Q 3274 3275 3356 3355) 
(Q 3275 3276 3357 3356) 
(Q 3276 3277 3358 3357) 
(Q 3277 3278 3359 3358) 
(Q 3278 3279 3360 3359) 
(Q 3279 3280 3361 3360) 
(Q 3280 3281 3362 3361) 
(Q 3281 3282 3363 3362) 
(Q 3282 3283 3364 3363) 
(Q 3283 3284 3365 3364) 
(Q 3284 3285 3366 3365) 
(Q 3285 3286 3367 3366) 
(Q 3286 3287 3368 3367) 
(Q 3287 3288 3369 3368) 
(Q 3288 3289 3370 3369) 
(Q 3289 3290 3371 3370) 
(Q 3290 3291 3372 3371) 
(Q 3291 3292 3373 3372) 
(Q 3292 3293 3374 3373) 
(Q 3293 3294 3375 3374) 
(Q 3294 3295 3376 3375) 
(Q 3295 3296 3377 3376) 
(Q 3296 3297 3378 3377) 
(Q 3297 3298 3379 3378) 
(Q 3298 3299 3380 3379) 
(Q 3299 3300 3381 3380) 
(Q 3300 3301 3382 3381) 
(Q 3301 3302 3383 3382) 
(Q 3302 3303 3384 3383) 
(Q 3303 3304 3385 3384) 
(Q 3304 3305 3386 3385) 
(Q 3305 3306 3387 3386) 
(Q 3306 3307 3388 3387) 
(Q 3307 3308 3389 3388) 
(Q 3308 3309 3390 3389) 
(Q 3309 3310 3391 3390) 
(Q 3310 3311 3392 3391) 
(Q 3311 3312 3393 3392) 
(Q 3312 3313 3394 3393) 
(Q 3313 3314 3395 3394) 
(Q 3314 3315 3396 3395) 
(Q 3315 3316 3397 3396) 
(Q 3316 3317 3398 3397) 
(Q 3317 3318 3399 3398) 
(Q 3318 3319 3400 3399) 
(Q 3319 3320 3401 3400) 
) 
