3402
( 
(0.05 -0.50) 
(0.10 -0.50) 
(0.15 -0.50) 
(0.20 -0.50) 
(0.25 -0.50) 
(0.30 -0.50) 
(0.35 -0.50) 
(0.40 -0.50) 
(0.45 -0.50) 
(0.50 -0.50) 
(0.55 -0.50) 
(0.60 -0.50) 
(0.65 -0.50) 
(0.70 -0.50) 
(0.75 -0.50) 
(0.80 -0.50) 
(0.85 -0.50) 
(0.90 -0.50) 
(0.95 -0.50) 
(1.00 -0.50) 
(1.05 -0.50) 
(1.10 -0.50) 
(1.15 -0.50) 
(1.20 -0.50) 
(1.25 -0.50) 
(1.30 -0.50) 
(1.35 -0.50) 
(1.40 -0.50) 
(1.45 -0.50) 
(1.50 -0.50) 
(1.55 -0.50) 
(1.60 -0.50) 
(1.65 -0.50) 
(1.70 -0.50) 
(1.75 -0.50) 
(1.80 -0.50) 
(1.85 -0.50) 
(1.90 -0.50) 
(1.95 -0.50) 
(2.00 -0.50) 
(2.05 -0.50) 
(2.10 -0.50) 
(2.15 -0.50) 
(2.20 -0.50) 
(2.25 -0.50) 
(2.30 -0.50) 
(2.35 -0.50) 
(2.40 -0.50) 
(2.45 -0.50) 
(2.50 -0.50) 
(2.55 -0.50) 
(2.60 -0.50) 
(2.65 -0.50) 
(2.70 -0.50) 
(2.75 -0.50) 
(2.80 -0.50) 
(2.85 -0.50) 
(2.90 -0.50) 
(2.95 -0.50) 
(3.00 -0.50) 
(3.05 -0.50) 
(3.10 -0.50) 
(3.15 -0.50) 
(3.20 -0.50) 
(3.25 -0.50) 
(3.30 -0.50) 
(3.35 -0.50) 
(3.40 -0.50) 
(3.45 -0.50) 
(3.50 -0.50) 
(3.55 -0.50) 
(3.60 -0.50) 
(3.65 -0.50) 
(3.70 -0.50) 
(3.75 -0.50) 
(3.80 -0.50) 
(3.85 -0.50) 
(3.90 -0.50) 
(3.95 -0.50) 
(4.00 -0.50) 
(4.05 -0.50) 
(0.05 -0.48) 
(0.10 -0.48) 
(0.15 -0.48) 
(0.20 -0.48) 
(0.25 -0.48) 
(0.30 -0.48) 
(0.35 -0.48) 
(0.40 -0.48) 
(0.45 -0.48) 
(0.50 -0.48) 
(0.55 -0.48) 
(0.60 -0.48) 
(0.65 -0.48) 
(0.70 -0.48) 
(0.75 -0.48) 
(0.80 -0.48) 
(0.85 -0.48) 
(0.90 -0.48) 
(0.95 -0.48) 
(1.00 -0.48) 
(1.05 -0.48) 
(1.10 -0.48) 
(1.15 -0.48) 
(1.20 -0.48) 
(1.25 -0.48) 
(1.30 -0.48) 
(1.35 -0.48) 
(1.40 -0.48) 
(1.45 -0.48) 
(1.50 -0.48) 
(1.55 -0.48) 
(1.60 -0.48) 
(1.65 -0.48) 
(1.70 -0.48) 
(1.75 -0.48) 
(1.80 -0.48) 
(1.85 -0.48) 
(1.90 -0.48) 
(1.95 -0.48) 
(2.00 -0.48) 
(2.05 -0.48) 
(2.10 -0.48) 
(2.15 -0.48) 
(2.20 -0.48) 
(2.25 -0.48) 
(2.30 -0.48) 
(2.35 -0.48) 
(2.40 -0.48) 
(2.45 -0.48) 
(2.50 -0.48) 
(2.55 -0.48) 
(2.60 -0.48) 
(2.65 -0.48) 
(2.70 -0.48) 
(2.75 -0.48) 
(2.80 -0.48) 
(2.85 -0.48) 
(2.90 -0.48) 
(2.95 -0.48) 
(3.00 -0.48) 
(3.05 -0.48) 
(3.10 -0.48) 
(3.15 -0.48) 
(3.20 -0.48) 
(3.25 -0.48) 
(3.30 -0.48) 
(3.35 -0.48) 
(3.40 -0.48) 
(3.45 -0.48) 
(3.50 -0.48) 
(3.55 -0.48) 
(3.60 -0.48) 
(3.65 -0.48) 
(3.70 -0.48) 
(3.75 -0.48) 
(3.80 -0.48) 
(3.85 -0.48) 
(3.90 -0.48) 
(3.95 -0.48) 
(4.00 -0.48) 
(4.05 -0.48) 
(0.05 -0.45) 
(0.10 -0.45) 
(0.15 -0.45) 
(0.20 -0.45) 
(0.25 -0.45) 
(0.30 -0.45) 
(0.35 -0.45) 
(0.40 -0.45) 
(0.45 -0.45) 
(0.50 -0.45) 
(0.55 -0.45) 
(0.60 -0.45) 
(0.65 -0.45) 
(0.70 -0.45) 
(0.75 -0.45) 
(0.80 -0.45) 
(0.85 -0.45) 
(0.90 -0.45) 
(0.95 -0.45) 
(1.00 -0.45) 
(1.05 -0.45) 
(1.10 -0.45) 
(1.15 -0.45) 
(1.20 -0.45) 
(1.25 -0.45) 
(1.30 -0.45) 
(1.35 -0.45) 
(1.40 -0.45) 
(1.45 -0.45) 
(1.50 -0.45) 
(1.55 -0.45) 
(1.60 -0.45) 
(1.65 -0.45) 
(1.70 -0.45) 
(1.75 -0.45) 
(1.80 -0.45) 
(1.85 -0.45) 
(1.90 -0.45) 
(1.95 -0.45) 
(2.00 -0.45) 
(2.05 -0.45) 
(2.10 -0.45) 
(2.15 -0.45) 
(2.20 -0.45) 
(2.25 -0.45) 
(2.30 -0.45) 
(2.35 -0.45) 
(2.40 -0.45) 
(2.45 -0.45) 
(2.50 -0.45) 
(2.55 -0.45) 
(2.60 -0.45) 
(2.65 -0.45) 
(2.70 -0.45) 
(2.75 -0.45) 
(2.80 -0.45) 
(2.85 -0.45) 
(2.90 -0.45) 
(2.95 -0.45) 
(3.00 -0.45) 
(3.05 -0.45) 
(3.10 -0.45) 
(3.15 -0.45) 
(3.20 -0.45) 
(3.25 -0.45) 
(3.30 -0.45) 
(3.35 -0.45) 
(3.40 -0.45) 
(3.45 -0.45) 
(3.50 -0.45) 
(3.55 -0.45) 
(3.60 -0.45) 
(3.65 -0.45) 
(3.70 -0.45) 
(3.75 -0.45) 
(3.80 -0.45) 
(3.85 -0.45) 
(3.90 -0.45) 
(3.95 -0.45) 
(4.00 -0.45) 
(4.05 -0.45) 
(0.05 -0.43) 
(0.10 -0.43) 
(0.15 -0.43) 
(0.20 -0.43) 
(0.25 -0.43) 
(0.30 -0.43) 
(0.35 -0.43) 
(0.40 -0.43) 
(0.45 -0.43) 
(0.50 -0.43) 
(0.55 -0.43) 
(0.60 -0.43) 
(0.65 -0.43) 
(0.70 -0.43) 
(0.75 -0.43) 
(0.80 -0.43) 
(0.85 -0.43) 
(0.90 -0.43) 
(0.95 -0.43) 
(1.00 -0.43) 
(1.05 -0.43) 
(1.10 -0.43) 
(1.15 -0.43) 
(1.20 -0.43) 
(1.25 -0.43) 
(1.30 -0.43) 
(1.35 -0.43) 
(1.40 -0.43) 
(1.45 -0.43) 
(1.50 -0.43) 
(1.55 -0.43) 
(1.60 -0.43) 
(1.65 -0.43) 
(1.70 -0.43) 
(1.75 -0.43) 
(1.80 -0.43) 
(1.85 -0.43) 
(1.90 -0.43) 
(1.95 -0.43) 
(2.00 -0.43) 
(2.05 -0.43) 
(2.10 -0.43) 
(2.15 -0.43) 
(2.20 -0.43) 
(2.25 -0.43) 
(2.30 -0.43) 
(2.35 -0.43) 
(2.40 -0.43) 
(2.45 -0.43) 
(2.50 -0.43) 
(2.55 -0.43) 
(2.60 -0.43) 
(2.65 -0.43) 
(2.70 -0.43) 
(2.75 -0.43) 
(2.80 -0.43) 
(2.85 -0.43) 
(2.90 -0.43) 
(2.95 -0.43) 
(3.00 -0.43) 
(3.05 -0.43) 
(3.10 -0.43) 
(3.15 -0.43) 
(3.20 -0.43) 
(3.25 -0.43) 
(3.30 -0.43) 
(3.35 -0.43) 
(3.40 -0.43) 
(3.45 -0.43) 
(3.50 -0.43) 
(3.55 -0.43) 
(3.60 -0.43) 
(3.65 -0.43) 
(3.70 -0.43) 
(3.75 -0.43) 
(3.80 -0.43) 
(3.85 -0.43) 
(3.90 -0.43) 
(3.95 -0.43) 
(4.00 -0.43) 
(4.05 -0.43) 
(0.05 -0.40) 
(0.10 -0.40) 
(0.15 -0.40) 
(0.20 -0.40) 
(0.25 -0.40) 
(0.30 -0.40) 
(0.35 -0.40) 
(0.40 -0.40) 
(0.45 -0.40) 
(0.50 -0.40) 
(0.55 -0.40) 
(0.60 -0.40) 
(0.65 -0.40) 
(0.70 -0.40) 
(0.75 -0.40) 
(0.80 -0.40) 
(0.85 -0.40) 
(0.90 -0.40) 
(0.95 -0.40) 
(1.00 -0.40) 
(1.05 -0.40) 
(1.10 -0.40) 
(1.15 -0.40) 
(1.20 -0.40) 
(1.25 -0.40) 
(1.30 -0.40) 
(1.35 -0.40) 
(1.40 -0.40) 
(1.45 -0.40) 
(1.50 -0.40) 
(1.55 -0.40) 
(1.60 -0.40) 
(1.65 -0.40) 
(1.70 -0.40) 
(1.75 -0.40) 
(1.80 -0.40) 
(1.85 -0.40) 
(1.90 -0.40) 
(1.95 -0.40) 
(2.00 -0.40) 
(2.05 -0.40) 
(2.10 -0.40) 
(2.15 -0.40) 
(2.20 -0.40) 
(2.25 -0.40) 
(2.30 -0.40) 
(2.35 -0.40) 
(2.40 -0.40) 
(2.45 -0.40) 
(2.50 -0.40) 
(2.55 -0.40) 
(2.60 -0.40) 
(2.65 -0.40) 
(2.70 -0.40) 
(2.75 -0.40) 
(2.80 -0.40) 
(2.85 -0.40) 
(2.90 -0.40) 
(2.95 -0.40) 
(3.00 -0.40) 
(3.05 -0.40) 
(3.10 -0.40) 
(3.15 -0.40) 
(3.20 -0.40) 
(3.25 -0.40) 
(3.30 -0.40) 
(3.35 -0.40) 
(3.40 -0.40) 
(3.45 -0.40) 
(3.50 -0.40) 
(3.55 -0.40) 
(3.60 -0.40) 
(3.65 -0.40) 
(3.70 -0.40) 
(3.75 -0.40) 
(3.80 -0.40) 
(3.85 -0.40) 
(3.90 -0.40) 
(3.95 -0.40) 
(4.00 -0.40) 
(4.05 -0.40) 
(0.05 -0.38) 
(0.10 -0.38) 
(0.15 -0.38) 
(0.20 -0.38) 
(0.25 -0.38) 
(0.30 -0.38) 
(0.35 -0.38) 
(0.40 -0.38) 
(0.45 -0.38) 
(0.50 -0.38) 
(0.55 -0.38) 
(0.60 -0.38) 
(0.65 -0.38) 
(0.70 -0.38) 
(0.75 -0.38) 
(0.80 -0.38) 
(0.85 -0.38) 
(0.90 -0.38) 
(0.95 -0.38) 
(1.00 -0.38) 
(1.05 -0.38) 
(1.10 -0.38) 
(1.15 -0.38) 
(1.20 -0.38) 
(1.25 -0.38) 
(1.30 -0.38) 
(1.35 -0.38) 
(1.40 -0.38) 
(1.45 -0.38) 
(1.50 -0.38) 
(1.55 -0.38) 
(1.60 -0.38) 
(1.65 -0.38) 
(1.70 -0.38) 
(1.75 -0.38) 
(1.80 -0.38) 
(1.85 -0.38) 
(1.90 -0.38) 
(1.95 -0.38) 
(2.00 -0.38) 
(2.05 -0.38) 
(2.10 -0.38) 
(2.15 -0.38) 
(2.20 -0.38) 
(2.25 -0.38) 
(2.30 -0.38) 
(2.35 -0.38) 
(2.40 -0.38) 
(2.45 -0.38) 
(2.50 -0.38) 
(2.55 -0.38) 
(2.60 -0.38) 
(2.65 -0.38) 
(2.70 -0.38) 
(2.75 -0.38) 
(2.80 -0.38) 
(2.85 -0.38) 
(2.90 -0.38) 
(2.95 -0.38) 
(3.00 -0.38) 
(3.05 -0.38) 
(3.10 -0.38) 
(3.15 -0.38) 
(3.20 -0.38) 
(3.25 -0.38) 
(3.30 -0.38) 
(3.35 -0.38) 
(3.40 -0.38) 
(3.45 -0.38) 
(3.50 -0.38) 
(3.55 -0.38) 
(3.60 -0.38) 
(3.65 -0.38) 
(3.70 -0.38) 
(3.75 -0.38) 
(3.80 -0.38) 
(3.85 -0.38) 
(3.90 -0.38) 
(3.95 -0.38) 
(4.00 -0.38) 
(4.05 -0.38) 
(0.05 -0.35) 
(0.10 -0.35) 
(0.15 -0.35) 
(0.20 -0.35) 
(0.25 -0.35) 
(0.30 -0.35) 
(0.35 -0.35) 
(0.40 -0.35) 
(0.45 -0.35) 
(0.50 -0.35) 
(0.55 -0.35) 
(0.60 -0.35) 
(0.65 -0.35) 
(0.70 -0.35) 
(0.75 -0.35) 
(0.80 -0.35) 
(0.85 -0.35) 
(0.90 -0.35) 
(0.95 -0.35) 
(1.00 -0.35) 
(1.05 -0.35) 
(1.10 -0.35) 
(1.15 -0.35) 
(1.20 -0.35) 
(1.25 -0.35) 
(1.30 -0.35) 
(1.35 -0.35) 
(1.40 -0.35) 
(1.45 -0.35) 
(1.50 -0.35) 
(1.55 -0.35) 
(1.60 -0.35) 
(1.65 -0.35) 
(1.70 -0.35) 
(1.75 -0.35) 
(1.80 -0.35) 
(1.85 -0.35) 
(1.90 -0.35) 
(1.95 -0.35) 
(2.00 -0.35) 
(2.05 -0.35) 
(2.10 -0.35) 
(2.15 -0.35) 
(2.20 -0.35) 
(2.25 -0.35) 
(2.30 -0.35) 
(2.35 -0.35) 
(2.40 -0.35) 
(2.45 -0.35) 
(2.50 -0.35) 
(2.55 -0.35) 
(2.60 -0.35) 
(2.65 -0.35) 
(2.70 -0.35) 
(2.75 -0.35) 
(2.80 -0.35) 
(2.85 -0.35) 
(2.90 -0.35) 
(2.95 -0.35) 
(3.00 -0.35) 
(3.05 -0.35) 
(3.10 -0.35) 
(3.15 -0.35) 
(3.20 -0.35) 
(3.25 -0.35) 
(3.30 -0.35) 
(3.35 -0.35) 
(3.40 -0.35) 
(3.45 -0.35) 
(3.50 -0.35) 
(3.55 -0.35) 
(3.60 -0.35) 
(3.65 -0.35) 
(3.70 -0.35) 
(3.75 -0.35) 
(3.80 -0.35) 
(3.85 -0.35) 
(3.90 -0.35) 
(3.95 -0.35) 
(4.00 -0.35) 
(4.05 -0.35) 
(0.05 -0.33) 
(0.10 -0.33) 
(0.15 -0.33) 
(0.20 -0.33) 
(0.25 -0.33) 
(0.30 -0.33) 
(0.35 -0.33) 
(0.40 -0.33) 
(0.45 -0.33) 
(0.50 -0.33) 
(0.55 -0.33) 
(0.60 -0.33) 
(0.65 -0.33) 
(0.70 -0.33) 
(0.75 -0.33) 
(0.80 -0.33) 
(0.85 -0.33) 
(0.90 -0.33) 
(0.95 -0.33) 
(1.00 -0.33) 
(1.05 -0.33) 
(1.10 -0.33) 
(1.15 -0.33) 
(1.20 -0.33) 
(1.25 -0.33) 
(1.30 -0.33) 
(1.35 -0.33) 
(1.40 -0.33) 
(1.45 -0.33) 
(1.50 -0.33) 
(1.55 -0.33) 
(1.60 -0.33) 
(1.65 -0.33) 
(1.70 -0.33) 
(1.75 -0.33) 
(1.80 -0.33) 
(1.85 -0.33) 
(1.90 -0.33) 
(1.95 -0.33) 
(2.00 -0.33) 
(2.05 -0.33) 
(2.10 -0.33) 
(2.15 -0.33) 
(2.20 -0.33) 
(2.25 -0.33) 
(2.30 -0.33) 
(2.35 -0.33) 
(2.40 -0.33) 
(2.45 -0.33) 
(2.50 -0.33) 
(2.55 -0.33) 
(2.60 -0.33) 
(2.65 -0.33) 
(2.70 -0.33) 
(2.75 -0.33) 
(2.80 -0.33) 
(2.85 -0.33) 
(2.90 -0.33) 
(2.95 -0.33) 
(3.00 -0.33) 
(3.05 -0.33) 
(3.10 -0.33) 
(3.15 -0.33) 
(3.20 -0.33) 
(3.25 -0.33) 
(3.30 -0.33) 
(3.35 -0.33) 
(3.40 -0.33) 
(3.45 -0.33) 
(3.50 -0.33) 
(3.55 -0.33) 
(3.60 -0.33) 
(3.65 -0.33) 
(3.70 -0.33) 
(3.75 -0.33) 
(3.80 -0.33) 
(3.85 -0.33) 
(3.90 -0.33) 
(3.95 -0.33) 
(4.00 -0.33) 
(4.05 -0.33) 
(0.05 -0.30) 
(0.10 -0.30) 
(0.15 -0.30) 
(0.20 -0.30) 
(0.25 -0.30) 
(0.30 -0.30) 
(0.35 -0.30) 
(0.40 -0.30) 
(0.45 -0.30) 
(0.50 -0.30) 
(0.55 -0.30) 
(0.60 -0.30) 
(0.65 -0.30) 
(0.70 -0.30) 
(0.75 -0.30) 
(0.80 -0.30) 
(0.85 -0.30) 
(0.90 -0.30) 
(0.95 -0.30) 
(1.00 -0.30) 
(1.05 -0.30) 
(1.10 -0.30) 
(1.15 -0.30) 
(1.20 -0.30) 
(1.25 -0.30) 
(1.30 -0.30) 
(1.35 -0.30) 
(1.40 -0.30) 
(1.45 -0.30) 
(1.50 -0.30) 
(1.55 -0.30) 
(1.60 -0.30) 
(1.65 -0.30) 
(1.70 -0.30) 
(1.75 -0.30) 
(1.80 -0.30) 
(1.85 -0.30) 
(1.90 -0.30) 
(1.95 -0.30) 
(2.00 -0.30) 
(2.05 -0.30) 
(2.10 -0.30) 
(2.15 -0.30) 
(2.20 -0.30) 
(2.25 -0.30) 
(2.30 -0.30) 
(2.35 -0.30) 
(2.40 -0.30) 
(2.45 -0.30) 
(2.50 -0.30) 
(2.55 -0.30) 
(2.60 -0.30) 
(2.65 -0.30) 
(2.70 -0.30) 
(2.75 -0.30) 
(2.80 -0.30) 
(2.85 -0.30) 
(2.90 -0.30) 
(2.95 -0.30) 
(3.00 -0.30) 
(3.05 -0.30) 
(3.10 -0.30) 
(3.15 -0.30) 
(3.20 -0.30) 
(3.25 -0.30) 
(3.30 -0.30) 
(3.35 -0.30) 
(3.40 -0.30) 
(3.45 -0.30) 
(3.50 -0.30) 
(3.55 -0.30) 
(3.60 -0.30) 
(3.65 -0.30) 
(3.70 -0.30) 
(3.75 -0.30) 
(3.80 -0.30) 
(3.85 -0.30) 
(3.90 -0.30) 
(3.95 -0.30) 
(4.00 -0.30) 
(4.05 -0.30) 
(0.05 -0.28) 
(0.10 -0.28) 
(0.15 -0.28) 
(0.20 -0.28) 
(0.25 -0.28) 
(0.30 -0.28) 
(0.35 -0.28) 
(0.40 -0.28) 
(0.45 -0.28) 
(0.50 -0.28) 
(0.55 -0.28) 
(0.60 -0.28) 
(0.65 -0.28) 
(0.70 -0.28) 
(0.75 -0.28) 
(0.80 -0.28) 
(0.85 -0.28) 
(0.90 -0.28) 
(0.95 -0.28) 
(1.00 -0.28) 
(1.05 -0.28) 
(1.10 -0.28) 
(1.15 -0.28) 
(1.20 -0.28) 
(1.25 -0.28) 
(1.30 -0.28) 
(1.35 -0.28) 
(1.40 -0.28) 
(1.45 -0.28) 
(1.50 -0.28) 
(1.55 -0.28) 
(1.60 -0.28) 
(1.65 -0.28) 
(1.70 -0.28) 
(1.75 -0.28) 
(1.80 -0.28) 
(1.85 -0.28) 
(1.90 -0.28) 
(1.95 -0.28) 
(2.00 -0.28) 
(2.05 -0.28) 
(2.10 -0.28) 
(2.15 -0.28) 
(2.20 -0.28) 
(2.25 -0.28) 
(2.30 -0.28) 
(2.35 -0.28) 
(2.40 -0.28) 
(2.45 -0.28) 
(2.50 -0.28) 
(2.55 -0.28) 
(2.60 -0.28) 
(2.65 -0.28) 
(2.70 -0.28) 
(2.75 -0.28) 
(2.80 -0.28) 
(2.85 -0.28) 
(2.90 -0.28) 
(2.95 -0.28) 
(3.00 -0.28) 
(3.05 -0.28) 
(3.10 -0.28) 
(3.15 -0.28) 
(3.20 -0.28) 
(3.25 -0.28) 
(3.30 -0.28) 
(3.35 -0.28) 
(3.40 -0.28) 
(3.45 -0.28) 
(3.50 -0.28) 
(3.55 -0.28) 
(3.60 -0.28) 
(3.65 -0.28) 
(3.70 -0.28) 
(3.75 -0.28) 
(3.80 -0.28) 
(3.85 -0.28) 
(3.90 -0.28) 
(3.95 -0.28) 
(4.00 -0.28) 
(4.05 -0.28) 
(0.05 -0.26) 
(0.10 -0.26) 
(0.15 -0.26) 
(0.20 -0.26) 
(0.25 -0.26) 
(0.30 -0.26) 
(0.35 -0.26) 
(0.40 -0.26) 
(0.45 -0.26) 
(0.50 -0.26) 
(0.55 -0.26) 
(0.60 -0.26) 
(0.65 -0.26) 
(0.70 -0.26) 
(0.75 -0.26) 
(0.80 -0.26) 
(0.85 -0.26) 
(0.90 -0.26) 
(0.95 -0.26) 
(1.00 -0.26) 
(1.05 -0.26) 
(1.10 -0.26) 
(1.15 -0.26) 
(1.20 -0.26) 
(1.25 -0.26) 
(1.30 -0.26) 
(1.35 -0.26) 
(1.40 -0.26) 
(1.45 -0.26) 
(1.50 -0.26) 
(1.55 -0.26) 
(1.60 -0.26) 
(1.65 -0.26) 
(1.70 -0.26) 
(1.75 -0.26) 
(1.80 -0.26) 
(1.85 -0.26) 
(1.90 -0.26) 
(1.95 -0.26) 
(2.00 -0.26) 
(2.05 -0.26) 
(2.10 -0.26) 
(2.15 -0.26) 
(2.20 -0.26) 
(2.25 -0.26) 
(2.30 -0.26) 
(2.35 -0.26) 
(2.40 -0.26) 
(2.45 -0.26) 
(2.50 -0.26) 
(2.55 -0.26) 
(2.60 -0.26) 
(2.65 -0.26) 
(2.70 -0.26) 
(2.75 -0.26) 
(2.80 -0.26) 
(2.85 -0.26) 
(2.90 -0.26) 
(2.95 -0.26) 
(3.00 -0.26) 
(3.05 -0.26) 
(3.10 -0.26) 
(3.15 -0.26) 
(3.20 -0.26) 
(3.25 -0.26) 
(3.30 -0.26) 
(3.35 -0.26) 
(3.40 -0.26) 
(3.45 -0.26) 
(3.50 -0.26) 
(3.55 -0.26) 
(3.60 -0.26) 
(3.65 -0.26) 
(3.70 -0.26) 
(3.75 -0.26) 
(3.80 -0.26) 
(3.85 -0.26) 
(3.90 -0.26) 
(3.95 -0.26) 
(4.00 -0.26) 
(4.05 -0.26) 
(0.05 -0.23) 
(0.10 -0.23) 
(0.15 -0.23) 
(0.20 -0.23) 
(0.25 -0.23) 
(0.30 -0.23) 
(0.35 -0.23) 
(0.40 -0.23) 
(0.45 -0.23) 
(0.50 -0.23) 
(0.55 -0.23) 
(0.60 -0.23) 
(0.65 -0.23) 
(0.70 -0.23) 
(0.75 -0.23) 
(0.80 -0.23) 
(0.85 -0.23) 
(0.90 -0.23) 
(0.95 -0.23) 
(1.00 -0.23) 
(1.05 -0.23) 
(1.10 -0.23) 
(1.15 -0.23) 
(1.20 -0.23) 
(1.25 -0.23) 
(1.30 -0.23) 
(1.35 -0.23) 
(1.40 -0.23) 
(1.45 -0.23) 
(1.50 -0.23) 
(1.55 -0.23) 
(1.60 -0.23) 
(1.65 -0.23) 
(1.70 -0.23) 
(1.75 -0.23) 
(1.80 -0.23) 
(1.85 -0.23) 
(1.90 -0.23) 
(1.95 -0.23) 
(2.00 -0.23) 
(2.05 -0.23) 
(2.10 -0.23) 
(2.15 -0.23) 
(2.20 -0.23) 
(2.25 -0.23) 
(2.30 -0.23) 
(2.35 -0.23) 
(2.40 -0.23) 
(2.45 -0.23) 
(2.50 -0.23) 
(2.55 -0.23) 
(2.60 -0.23) 
(2.65 -0.23) 
(2.70 -0.23) 
(2.75 -0.23) 
(2.80 -0.23) 
(2.85 -0.23) 
(2.90 -0.23) 
(2.95 -0.23) 
(3.00 -0.23) 
(3.05 -0.23) 
(3.10 -0.23) 
(3.15 -0.23) 
(3.20 -0.23) 
(3.25 -0.23) 
(3.30 -0.23) 
(3.35 -0.23) 
(3.40 -0.23) 
(3.45 -0.23) 
(3.50 -0.23) 
(3.55 -0.23) 
(3.60 -0.23) 
(3.65 -0.23) 
(3.70 -0.23) 
(3.75 -0.23) 
(3.80 -0.23) 
(3.85 -0.23) 
(3.90 -0.23) 
(3.95 -0.23) 
(4.00 -0.23) 
(4.05 -0.23) 
(0.05 -0.21) 
(0.10 -0.21) 
(0.15 -0.21) 
(0.20 -0.21) 
(0.25 -0.21) 
(0.30 -0.21) 
(0.35 -0.21) 
(0.40 -0.21) 
(0.45 -0.21) 
(0.50 -0.21) 
(0.55 -0.21) 
(0.60 -0.21) 
(0.65 -0.21) 
(0.70 -0.21) 
(0.75 -0.21) 
(0.80 -0.21) 
(0.85 -0.21) 
(0.90 -0.21) 
(0.95 -0.21) 
(1.00 -0.21) 
(1.05 -0.21) 
(1.10 -0.21) 
(1.15 -0.21) 
(1.20 -0.21) 
(1.25 -0.21) 
(1.30 -0.21) 
(1.35 -0.21) 
(1.40 -0.21) 
(1.45 -0.21) 
(1.50 -0.21) 
(1.55 -0.21) 
(1.60 -0.21) 
(1.65 -0.21) 
(1.70 -0.21) 
(1.75 -0.21) 
(1.80 -0.21) 
(1.85 -0.21) 
(1.90 -0.21) 
(1.95 -0.21) 
(2.00 -0.21) 
(2.05 -0.21) 
(2.10 -0.21) 
(2.15 -0.21) 
(2.20 -0.21) 
(2.25 -0.21) 
(2.30 -0.21) 
(2.35 -0.21) 
(2.40 -0.21) 
(2.45 -0.21) 
(2.50 -0.21) 
(2.55 -0.21) 
(2.60 -0.21) 
(2.65 -0.21) 
(2.70 -0.21) 
(2.75 -0.21) 
(2.80 -0.21) 
(2.85 -0.21) 
(2.90 -0.21) 
(2.95 -0.21) 
(3.00 -0.21) 
(3.05 -0.21) 
(3.10 -0.21) 
(3.15 -0.21) 
(3.20 -0.21) 
(3.25 -0.21) 
(3.30 -0.21) 
(3.35 -0.21) 
(3.40 -0.21) 
(3.45 -0.21) 
(3.50 -0.21) 
(3.55 -0.21) 
(3.60 -0.21) 
(3.65 -0.21) 
(3.70 -0.21) 
(3.75 -0.21) 
(3.80 -0.21) 
(3.85 -0.21) 
(3.90 -0.21) 
(3.95 -0.21) 
(4.00 -0.21) 
(4.05 -0.21) 
(0.05 -0.18) 
(0.10 -0.18) 
(0.15 -0.18) 
(0.20 -0.18) 
(0.25 -0.18) 
(0.30 -0.18) 
(0.35 -0.18) 
(0.40 -0.18) 
(0.45 -0.18) 
(0.50 -0.18) 
(0.55 -0.18) 
(0.60 -0.18) 
(0.65 -0.18) 
(0.70 -0.18) 
(0.75 -0.18) 
(0.80 -0.18) 
(0.85 -0.18) 
(0.90 -0.18) 
(0.95 -0.18) 
(1.00 -0.18) 
(1.05 -0.18) 
(1.10 -0.18) 
(1.15 -0.18) 
(1.20 -0.18) 
(1.25 -0.18) 
(1.30 -0.18) 
(1.35 -0.18) 
(1.40 -0.18) 
(1.45 -0.18) 
(1.50 -0.18) 
(1.55 -0.18) 
(1.60 -0.18) 
(1.65 -0.18) 
(1.70 -0.18) 
(1.75 -0.18) 
(1.80 -0.18) 
(1.85 -0.18) 
(1.90 -0.18) 
(1.95 -0.18) 
(2.00 -0.18) 
(2.05 -0.18) 
(2.10 -0.18) 
(2.15 -0.18) 
(2.20 -0.18) 
(2.25 -0.18) 
(2.30 -0.18) 
(2.35 -0.18) 
(2.40 -0.18) 
(2.45 -0.18) 
(2.50 -0.18) 
(2.55 -0.18) 
(2.60 -0.18) 
(2.65 -0.18) 
(2.70 -0.18) 
(2.75 -0.18) 
(2.80 -0.18) 
(2.85 -0.18) 
(2.90 -0.18) 
(2.95 -0.18) 
(3.00 -0.18) 
(3.05 -0.18) 
(3.10 -0.18) 
(3.15 -0.18) 
(3.20 -0.18) 
(3.25 -0.18) 
(3.30 -0.18) 
(3.35 -0.18) 
(3.40 -0.18) 
(3.45 -0.18) 
(3.50 -0.18) 
(3.55 -0.18) 
(3.60 -0.18) 
(3.65 -0.18) 
(3.70 -0.18) 
(3.75 -0.18) 
(3.80 -0.18) 
(3.85 -0.18) 
(3.90 -0.18) 
(3.95 -0.18) 
(4.00 -0.18) 
(4.05 -0.18) 
(0.05 -0.16) 
(0.10 -0.16) 
(0.15 -0.16) 
(0.20 -0.16) 
(0.25 -0.16) 
(0.30 -0.16) 
(0.35 -0.16) 
(0.40 -0.16) 
(0.45 -0.16) 
(0.50 -0.16) 
(0.55 -0.16) 
(0.60 -0.16) 
(0.65 -0.16) 
(0.70 -0.16) 
(0.75 -0.16) 
(0.80 -0.16) 
(0.85 -0.16) 
(0.90 -0.16) 
(0.95 -0.16) 
(1.00 -0.16) 
(1.05 -0.16) 
(1.10 -0.16) 
(1.15 -0.16) 
(1.20 -0.16) 
(1.25 -0.16) 
(1.30 -0.16) 
(1.35 -0.16) 
(1.40 -0.16) 
(1.45 -0.16) 
(1.50 -0.16) 
(1.55 -0.16) 
(1.60 -0.16) 
(1.65 -0.16) 
(1.70 -0.16) 
(1.75 -0.16) 
(1.80 -0.16) 
(1.85 -0.16) 
(1.90 -0.16) 
(1.95 -0.16) 
(2.00 -0.16) 
(2.05 -0.16) 
(2.10 -0.16) 
(2.15 -0.16) 
(2.20 -0.16) 
(2.25 -0.16) 
(2.30 -0.16) 
(2.35 -0.16) 
(2.40 -0.16) 
(2.45 -0.16) 
(2.50 -0.16) 
(2.55 -0.16) 
(2.60 -0.16) 
(2.65 -0.16) 
(2.70 -0.16) 
(2.75 -0.16) 
(2.80 -0.16) 
(2.85 -0.16) 
(2.90 -0.16) 
(2.95 -0.16) 
(3.00 -0.16) 
(3.05 -0.16) 
(3.10 -0.16) 
(3.15 -0.16) 
(3.20 -0.16) 
(3.25 -0.16) 
(3.30 -0.16) 
(3.35 -0.16) 
(3.40 -0.16) 
(3.45 -0.16) 
(3.50 -0.16) 
(3.55 -0.16) 
(3.60 -0.16) 
(3.65 -0.16) 
(3.70 -0.16) 
(3.75 -0.16) 
(3.80 -0.16) 
(3.85 -0.16) 
(3.90 -0.16) 
(3.95 -0.16) 
(4.00 -0.16) 
(4.05 -0.16) 
(0.05 -0.13) 
(0.10 -0.13) 
(0.15 -0.13) 
(0.20 -0.13) 
(0.25 -0.13) 
(0.30 -0.13) 
(0.35 -0.13) 
(0.40 -0.13) 
(0.45 -0.13) 
(0.50 -0.13) 
(0.55 -0.13) 
(0.60 -0.13) 
(0.65 -0.13) 
(0.70 -0.13) 
(0.75 -0.13) 
(0.80 -0.13) 
(0.85 -0.13) 
(0.90 -0.13) 
(0.95 -0.13) 
(1.00 -0.13) 
(1.05 -0.13) 
(1.10 -0.13) 
(1.15 -0.13) 
(1.20 -0.13) 
(1.25 -0.13) 
(1.30 -0.13) 
(1.35 -0.13) 
(1.40 -0.13) 
(1.45 -0.13) 
(1.50 -0.13) 
(1.55 -0.13) 
(1.60 -0.13) 
(1.65 -0.13) 
(1.70 -0.13) 
(1.75 -0.13) 
(1.80 -0.13) 
(1.85 -0.13) 
(1.90 -0.13) 
(1.95 -0.13) 
(2.00 -0.13) 
(2.05 -0.13) 
(2.10 -0.13) 
(2.15 -0.13) 
(2.20 -0.13) 
(2.25 -0.13) 
(2.30 -0.13) 
(2.35 -0.13) 
(2.40 -0.13) 
(2.45 -0.13) 
(2.50 -0.13) 
(2.55 -0.13) 
(2.60 -0.13) 
(2.65 -0.13) 
(2.70 -0.13) 
(2.75 -0.13) 
(2.80 -0.13) 
(2.85 -0.13) 
(2.90 -0.13) 
(2.95 -0.13) 
(3.00 -0.13) 
(3.05 -0.13) 
(3.10 -0.13) 
(3.15 -0.13) 
(3.20 -0.13) 
(3.25 -0.13) 
(3.30 -0.13) 
(3.35 -0.13) 
(3.40 -0.13) 
(3.45 -0.13) 
(3.50 -0.13) 
(3.55 -0.13) 
(3.60 -0.13) 
(3.65 -0.13) 
(3.70 -0.13) 
(3.75 -0.13) 
(3.80 -0.13) 
(3.85 -0.13) 
(3.90 -0.13) 
(3.95 -0.13) 
(4.00 -0.13) 
(4.05 -0.13) 
(0.05 -0.11) 
(0.10 -0.11) 
(0.15 -0.11) 
(0.20 -0.11) 
(0.25 -0.11) 
(0.30 -0.11) 
(0.35 -0.11) 
(0.40 -0.11) 
(0.45 -0.11) 
(0.50 -0.11) 
(0.55 -0.11) 
(0.60 -0.11) 
(0.65 -0.11) 
(0.70 -0.11) 
(0.75 -0.11) 
(0.80 -0.11) 
(0.85 -0.11) 
(0.90 -0.11) 
(0.95 -0.11) 
(1.00 -0.11) 
(1.05 -0.11) 
(1.10 -0.11) 
(1.15 -0.11) 
(1.20 -0.11) 
(1.25 -0.11) 
(1.30 -0.11) 
(1.35 -0.11) 
(1.40 -0.11) 
(1.45 -0.11) 
(1.50 -0.11) 
(1.55 -0.11) 
(1.60 -0.11) 
(1.65 -0.11) 
(1.70 -0.11) 
(1.75 -0.11) 
(1.80 -0.11) 
(1.85 -0.11) 
(1.90 -0.11) 
(1.95 -0.11) 
(2.00 -0.11) 
(2.05 -0.11) 
(2.10 -0.11) 
(2.15 -0.11) 
(2.20 -0.11) 
(2.25 -0.11) 
(2.30 -0.11) 
(2.35 -0.11) 
(2.40 -0.11) 
(2.45 -0.11) 
(2.50 -0.11) 
(2.55 -0.11) 
(2.60 -0.11) 
(2.65 -0.11) 
(2.70 -0.11) 
(2.75 -0.11) 
(2.80 -0.11) 
(2.85 -0.11) 
(2.90 -0.11) 
(2.95 -0.11) 
(3.00 -0.11) 
(3.05 -0.11) 
(3.10 -0.11) 
(3.15 -0.11) 
(3.20 -0.11) 
(3.25 -0.11) 
(3.30 -0.11) 
(3.35 -0.11) 
(3.40 -0.11) 
(3.45 -0.11) 
(3.50 -0.11) 
(3.55 -0.11) 
(3.60 -0.11) 
(3.65 -0.11) 
(3.70 -0.11) 
(3.75 -0.11) 
(3.80 -0.11) 
(3.85 -0.11) 
(3.90 -0.11) 
(3.95 -0.11) 
(4.00 -0.11) 
(4.05 -0.11) 
(0.05 -0.09) 
(0.10 -0.09) 
(0.15 -0.09) 
(0.20 -0.09) 
(0.25 -0.09) 
(0.30 -0.09) 
(0.35 -0.09) 
(0.40 -0.09) 
(0.45 -0.09) 
(0.50 -0.09) 
(0.55 -0.09) 
(0.60 -0.09) 
(0.65 -0.09) 
(0.70 -0.09) 
(0.75 -0.09) 
(0.80 -0.09) 
(0.85 -0.09) 
(0.90 -0.09) 
(0.95 -0.09) 
(1.00 -0.09) 
(1.05 -0.09) 
(1.10 -0.09) 
(1.15 -0.09) 
(1.20 -0.09) 
(1.25 -0.09) 
(1.30 -0.09) 
(1.35 -0.09) 
(1.40 -0.09) 
(1.45 -0.09) 
(1.50 -0.09) 
(1.55 -0.09) 
(1.60 -0.09) 
(1.65 -0.09) 
(1.70 -0.09) 
(1.75 -0.09) 
(1.80 -0.09) 
(1.85 -0.09) 
(1.90 -0.09) 
(1.95 -0.09) 
(2.00 -0.09) 
(2.05 -0.09) 
(2.10 -0.09) 
(2.15 -0.09) 
(2.20 -0.09) 
(2.25 -0.09) 
(2.30 -0.09) 
(2.35 -0.09) 
(2.40 -0.09) 
(2.45 -0.09) 
(2.50 -0.09) 
(2.55 -0.09) 
(2.60 -0.09) 
(2.65 -0.09) 
(2.70 -0.09) 
(2.75 -0.09) 
(2.80 -0.09) 
(2.85 -0.09) 
(2.90 -0.09) 
(2.95 -0.09) 
(3.00 -0.09) 
(3.05 -0.09) 
(3.10 -0.09) 
(3.15 -0.09) 
(3.20 -0.09) 
(3.25 -0.09) 
(3.30 -0.09) 
(3.35 -0.09) 
(3.40 -0.09) 
(3.45 -0.09) 
(3.50 -0.09) 
(3.55 -0.09) 
(3.60 -0.09) 
(3.65 -0.09) 
(3.70 -0.09) 
(3.75 -0.09) 
(3.80 -0.09) 
(3.85 -0.09) 
(3.90 -0.09) 
(3.95 -0.09) 
(4.00 -0.09) 
(4.05 -0.09) 
(0.05 -0.06) 
(0.10 -0.06) 
(0.15 -0.06) 
(0.20 -0.06) 
(0.25 -0.06) 
(0.30 -0.06) 
(0.35 -0.06) 
(0.40 -0.06) 
(0.45 -0.06) 
(0.50 -0.06) 
(0.55 -0.06) 
(0.60 -0.06) 
(0.65 -0.06) 
(0.70 -0.06) 
(0.75 -0.06) 
(0.80 -0.06) 
(0.85 -0.06) 
(0.90 -0.06) 
(0.95 -0.06) 
(1.00 -0.06) 
(1.05 -0.06) 
(1.10 -0.06) 
(1.15 -0.06) 
(1.20 -0.06) 
(1.25 -0.06) 
(1.30 -0.06) 
(1.35 -0.06) 
(1.40 -0.06) 
(1.45 -0.06) 
(1.50 -0.06) 
(1.55 -0.06) 
(1.60 -0.06) 
(1.65 -0.06) 
(1.70 -0.06) 
(1.75 -0.06) 
(1.80 -0.06) 
(1.85 -0.06) 
(1.90 -0.06) 
(1.95 -0.06) 
(2.00 -0.06) 
(2.05 -0.06) 
(2.10 -0.06) 
(2.15 -0.06) 
(2.20 -0.06) 
(2.25 -0.06) 
(2.30 -0.06) 
(2.35 -0.06) 
(2.40 -0.06) 
(2.45 -0.06) 
(2.50 -0.06) 
(2.55 -0.06) 
(2.60 -0.06) 
(2.65 -0.06) 
(2.70 -0.06) 
(2.75 -0.06) 
(2.80 -0.06) 
(2.85 -0.06) 
(2.90 -0.06) 
(2.95 -0.06) 
(3.00 -0.06) 
(3.05 -0.06) 
(3.10 -0.06) 
(3.15 -0.06) 
(3.20 -0.06) 
(3.25 -0.06) 
(3.30 -0.06) 
(3.35 -0.06) 
(3.40 -0.06) 
(3.45 -0.06) 
(3.50 -0.06) 
(3.55 -0.06) 
(3.60 -0.06) 
(3.65 -0.06) 
(3.70 -0.06) 
(3.75 -0.06) 
(3.80 -0.06) 
(3.85 -0.06) 
(3.90 -0.06) 
(3.95 -0.06) 
(4.00 -0.06) 
(4.05 -0.06) 
(0.05 -0.04) 
(0.10 -0.04) 
(0.15 -0.04) 
(0.20 -0.04) 
(0.25 -0.04) 
(0.30 -0.04) 
(0.35 -0.04) 
(0.40 -0.04) 
(0.45 -0.04) 
(0.50 -0.04) 
(0.55 -0.04) 
(0.60 -0.04) 
(0.65 -0.04) 
(0.70 -0.04) 
(0.75 -0.04) 
(0.80 -0.04) 
(0.85 -0.04) 
(0.90 -0.04) 
(0.95 -0.04) 
(1.00 -0.04) 
(1.05 -0.04) 
(1.10 -0.04) 
(1.15 -0.04) 
(1.20 -0.04) 
(1.25 -0.04) 
(1.30 -0.04) 
(1.35 -0.04) 
(1.40 -0.04) 
(1.45 -0.04) 
(1.50 -0.04) 
(1.55 -0.04) 
(1.60 -0.04) 
(1.65 -0.04) 
(1.70 -0.04) 
(1.75 -0.04) 
(1.80 -0.04) 
(1.85 -0.04) 
(1.90 -0.04) 
(1.95 -0.04) 
(2.00 -0.04) 
(2.05 -0.04) 
(2.10 -0.04) 
(2.15 -0.04) 
(2.20 -0.04) 
(2.25 -0.04) 
(2.30 -0.04) 
(2.35 -0.04) 
(2.40 -0.04) 
(2.45 -0.04) 
(2.50 -0.04) 
(2.55 -0.04) 
(2.60 -0.04) 
(2.65 -0.04) 
(2.70 -0.04) 
(2.75 -0.04) 
(2.80 -0.04) 
(2.85 -0.04) 
(2.90 -0.04) 
(2.95 -0.04) 
(3.00 -0.04) 
(3.05 -0.04) 
(3.10 -0.04) 
(3.15 -0.04) 
(3.20 -0.04) 
(3.25 -0.04) 
(3.30 -0.04) 
(3.35 -0.04) 
(3.40 -0.04) 
(3.45 -0.04) 
(3.50 -0.04) 
(3.55 -0.04) 
(3.60 -0.04) 
(3.65 -0.04) 
(3.70 -0.04) 
(3.75 -0.04) 
(3.80 -0.04) 
(3.85 -0.04) 
(3.90 -0.04) 
(3.95 -0.04) 
(4.00 -0.04) 
(4.05 -0.04) 
(0.05 -0.01) 
(0.10 -0.01) 
(0.15 -0.01) 
(0.20 -0.01) 
(0.25 -0.01) 
(0.30 -0.01) 
(0.35 -0.01) 
(0.40 -0.01) 
(0.45 -0.01) 
(0.50 -0.01) 
(0.55 -0.01) 
(0.60 -0.01) 
(0.65 -0.01) 
(0.70 -0.01) 
(0.75 -0.01) 
(0.80 -0.01) 
(0.85 -0.01) 
(0.90 -0.01) 
(0.95 -0.01) 
(1.00 -0.01) 
(1.05 -0.01) 
(1.10 -0.01) 
(1.15 -0.01) 
(1.20 -0.01) 
(1.25 -0.01) 
(1.30 -0.01) 
(1.35 -0.01) 
(1.40 -0.01) 
(1.45 -0.01) 
(1.50 -0.01) 
(1.55 -0.01) 
(1.60 -0.01) 
(1.65 -0.01) 
(1.70 -0.01) 
(1.75 -0.01) 
(1.80 -0.01) 
(1.85 -0.01) 
(1.90 -0.01) 
(1.95 -0.01) 
(2.00 -0.01) 
(2.05 -0.01) 
(2.10 -0.01) 
(2.15 -0.01) 
(2.20 -0.01) 
(2.25 -0.01) 
(2.30 -0.01) 
(2.35 -0.01) 
(2.40 -0.01) 
(2.45 -0.01) 
(2.50 -0.01) 
(2.55 -0.01) 
(2.60 -0.01) 
(2.65 -0.01) 
(2.70 -0.01) 
(2.75 -0.01) 
(2.80 -0.01) 
(2.85 -0.01) 
(2.90 -0.01) 
(2.95 -0.01) 
(3.00 -0.01) 
(3.05 -0.01) 
(3.10 -0.01) 
(3.15 -0.01) 
(3.20 -0.01) 
(3.25 -0.01) 
(3.30 -0.01) 
(3.35 -0.01) 
(3.40 -0.01) 
(3.45 -0.01) 
(3.50 -0.01) 
(3.55 -0.01) 
(3.60 -0.01) 
(3.65 -0.01) 
(3.70 -0.01) 
(3.75 -0.01) 
(3.80 -0.01) 
(3.85 -0.01) 
(3.90 -0.01) 
(3.95 -0.01) 
(4.00 -0.01) 
(4.05 -0.01) 
(0.05 0.01) 
(0.10 0.01) 
(0.15 0.01) 
(0.20 0.01) 
(0.25 0.01) 
(0.30 0.01) 
(0.35 0.01) 
(0.40 0.01) 
(0.45 0.01) 
(0.50 0.01) 
(0.55 0.01) 
(0.60 0.01) 
(0.65 0.01) 
(0.70 0.01) 
(0.75 0.01) 
(0.80 0.01) 
(0.85 0.01) 
(0.90 0.01) 
(0.95 0.01) 
(1.00 0.01) 
(1.05 0.01) 
(1.10 0.01) 
(1.15 0.01) 
(1.20 0.01) 
(1.25 0.01) 
(1.30 0.01) 
(1.35 0.01) 
(1.40 0.01) 
(1.45 0.01) 
(1.50 0.01) 
(1.55 0.01) 
(1.60 0.01) 
(1.65 0.01) 
(1.70 0.01) 
(1.75 0.01) 
(1.80 0.01) 
(1.85 0.01) 
(1.90 0.01) 
(1.95 0.01) 
(2.00 0.01) 
(2.05 0.01) 
(2.10 0.01) 
(2.15 0.01) 
(2.20 0.01) 
(2.25 0.01) 
(2.30 0.01) 
(2.35 0.01) 
(2.40 0.01) 
(2.45 0.01) 
(2.50 0.01) 
(2.55 0.01) 
(2.60 0.01) 
(2.65 0.01) 
(2.70 0.01) 
(2.75 0.01) 
(2.80 0.01) 
(2.85 0.01) 
(2.90 0.01) 
(2.95 0.01) 
(3.00 0.01) 
(3.05 0.01) 
(3.10 0.01) 
(3.15 0.01) 
(3.20 0.01) 
(3.25 0.01) 
(3.30 0.01) 
(3.35 0.01) 
(3.40 0.01) 
(3.45 0.01) 
(3.50 0.01) 
(3.55 0.01) 
(3.60 0.01) 
(3.65 0.01) 
(3.70 0.01) 
(3.75 0.01) 
(3.80 0.01) 
(3.85 0.01) 
(3.90 0.01) 
(3.95 0.01) 
(4.00 0.01) 
(4.05 0.01) 
(0.05 0.04) 
(0.10 0.04) 
(0.15 0.04) 
(0.20 0.04) 
(0.25 0.04) 
(0.30 0.04) 
(0.35 0.04) 
(0.40 0.04) 
(0.45 0.04) 
(0.50 0.04) 
(0.55 0.04) 
(0.60 0.04) 
(0.65 0.04) 
(0.70 0.04) 
(0.75 0.04) 
(0.80 0.04) 
(0.85 0.04) 
(0.90 0.04) 
(0.95 0.04) 
(1.00 0.04) 
(1.05 0.04) 
(1.10 0.04) 
(1.15 0.04) 
(1.20 0.04) 
(1.25 0.04) 
(1.30 0.04) 
(1.35 0.04) 
(1.40 0.04) 
(1.45 0.04) 
(1.50 0.04) 
(1.55 0.04) 
(1.60 0.04) 
(1.65 0.04) 
(1.70 0.04) 
(1.75 0.04) 
(1.80 0.04) 
(1.85 0.04) 
(1.90 0.04) 
(1.95 0.04) 
(2.00 0.04) 
(2.05 0.04) 
(2.10 0.04) 
(2.15 0.04) 
(2.20 0.04) 
(2.25 0.04) 
(2.30 0.04) 
(2.35 0.04) 
(2.40 0.04) 
(2.45 0.04) 
(2.50 0.04) 
(2.55 0.04) 
(2.60 0.04) 
(2.65 0.04) 
(2.70 0.04) 
(2.75 0.04) 
(2.80 0.04) 
(2.85 0.04) 
(2.90 0.04) 
(2.95 0.04) 
(3.00 0.04) 
(3.05 0.04) 
(3.10 0.04) 
(3.15 0.04) 
(3.20 0.04) 
(3.25 0.04) 
(3.30 0.04) 
(3.35 0.04) 
(3.40 0.04) 
(3.45 0.04) 
(3.50 0.04) 
(3.55 0.04) 
(3.60 0.04) 
(3.65 0.04) 
(3.70 0.04) 
(3.75 0.04) 
(3.80 0.04) 
(3.85 0.04) 
(3.90 0.04) 
(3.95 0.04) 
(4.00 0.04) 
(4.05 0.04) 
(0.05 0.06) 
(0.10 0.06) 
(0.15 0.06) 
(0.20 0.06) 
(0.25 0.06) 
(0.30 0.06) 
(0.35 0.06) 
(0.40 0.06) 
(0.45 0.06) 
(0.50 0.06) 
(0.55 0.06) 
(0.60 0.06) 
(0.65 0.06) 
(0.70 0.06) 
(0.75 0.06) 
(0.80 0.06) 
(0.85 0.06) 
(0.90 0.06) 
(0.95 0.06) 
(1.00 0.06) 
(1.05 0.06) 
(1.10 0.06) 
(1.15 0.06) 
(1.20 0.06) 
(1.25 0.06) 
(1.30 0.06) 
(1.35 0.06) 
(1.40 0.06) 
(1.45 0.06) 
(1.50 0.06) 
(1.55 0.06) 
(1.60 0.06) 
(1.65 0.06) 
(1.70 0.06) 
(1.75 0.06) 
(1.80 0.06) 
(1.85 0.06) 
(1.90 0.06) 
(1.95 0.06) 
(2.00 0.06) 
(2.05 0.06) 
(2.10 0.06) 
(2.15 0.06) 
(2.20 0.06) 
(2.25 0.06) 
(2.30 0.06) 
(2.35 0.06) 
(2.40 0.06) 
(2.45 0.06) 
(2.50 0.06) 
(2.55 0.06) 
(2.60 0.06) 
(2.65 0.06) 
(2.70 0.06) 
(2.75 0.06) 
(2.80 0.06) 
(2.85 0.06) 
(2.90 0.06) 
(2.95 0.06) 
(3.00 0.06) 
(3.05 0.06) 
(3.10 0.06) 
(3.15 0.06) 
(3.20 0.06) 
(3.25 0.06) 
(3.30 0.06) 
(3.35 0.06) 
(3.40 0.06) 
(3.45 0.06) 
(3.50 0.06) 
(3.55 0.06) 
(3.60 0.06) 
(3.65 0.06) 
(3.70 0.06) 
(3.75 0.06) 
(3.80 0.06) 
(3.85 0.06) 
(3.90 0.06) 
(3.95 0.06) 
(4.00 0.06) 
(4.05 0.06) 
(0.05 0.09) 
(0.10 0.09) 
(0.15 0.09) 
(0.20 0.09) 
(0.25 0.09) 
(0.30 0.09) 
(0.35 0.09) 
(0.40 0.09) 
(0.45 0.09) 
(0.50 0.09) 
(0.55 0.09) 
(0.60 0.09) 
(0.65 0.09) 
(0.70 0.09) 
(0.75 0.09) 
(0.80 0.09) 
(0.85 0.09) 
(0.90 0.09) 
(0.95 0.09) 
(1.00 0.09) 
(1.05 0.09) 
(1.10 0.09) 
(1.15 0.09) 
(1.20 0.09) 
(1.25 0.09) 
(1.30 0.09) 
(1.35 0.09) 
(1.40 0.09) 
(1.45 0.09) 
(1.50 0.09) 
(1.55 0.09) 
(1.60 0.09) 
(1.65 0.09) 
(1.70 0.09) 
(1.75 0.09) 
(1.80 0.09) 
(1.85 0.09) 
(1.90 0.09) 
(1.95 0.09) 
(2.00 0.09) 
(2.05 0.09) 
(2.10 0.09) 
(2.15 0.09) 
(2.20 0.09) 
(2.25 0.09) 
(2.30 0.09) 
(2.35 0.09) 
(2.40 0.09) 
(2.45 0.09) 
(2.50 0.09) 
(2.55 0.09) 
(2.60 0.09) 
(2.65 0.09) 
(2.70 0.09) 
(2.75 0.09) 
(2.80 0.09) 
(2.85 0.09) 
(2.90 0.09) 
(2.95 0.09) 
(3.00 0.09) 
(3.05 0.09) 
(3.10 0.09) 
(3.15 0.09) 
(3.20 0.09) 
(3.25 0.09) 
(3.30 0.09) 
(3.35 0.09) 
(3.40 0.09) 
(3.45 0.09) 
(3.50 0.09) 
(3.55 0.09) 
(3.60 0.09) 
(3.65 0.09) 
(3.70 0.09) 
(3.75 0.09) 
(3.80 0.09) 
(3.85 0.09) 
(3.90 0.09) 
(3.95 0.09) 
(4.00 0.09) 
(4.05 0.09) 
(0.05 0.11) 
(0.10 0.11) 
(0.15 0.11) 
(0.20 0.11) 
(0.25 0.11) 
(0.30 0.11) 
(0.35 0.11) 
(0.40 0.11) 
(0.45 0.11) 
(0.50 0.11) 
(0.55 0.11) 
(0.60 0.11) 
(0.65 0.11) 
(0.70 0.11) 
(0.75 0.11) 
(0.80 0.11) 
(0.85 0.11) 
(0.90 0.11) 
(0.95 0.11) 
(1.00 0.11) 
(1.05 0.11) 
(1.10 0.11) 
(1.15 0.11) 
(1.20 0.11) 
(1.25 0.11) 
(1.30 0.11) 
(1.35 0.11) 
(1.40 0.11) 
(1.45 0.11) 
(1.50 0.11) 
(1.55 0.11) 
(1.60 0.11) 
(1.65 0.11) 
(1.70 0.11) 
(1.75 0.11) 
(1.80 0.11) 
(1.85 0.11) 
(1.90 0.11) 
(1.95 0.11) 
(2.00 0.11) 
(2.05 0.11) 
(2.10 0.11) 
(2.15 0.11) 
(2.20 0.11) 
(2.25 0.11) 
(2.30 0.11) 
(2.35 0.11) 
(2.40 0.11) 
(2.45 0.11) 
(2.50 0.11) 
(2.55 0.11) 
(2.60 0.11) 
(2.65 0.11) 
(2.70 0.11) 
(2.75 0.11) 
(2.80 0.11) 
(2.85 0.11) 
(2.90 0.11) 
(2.95 0.11) 
(3.00 0.11) 
(3.05 0.11) 
(3.10 0.11) 
(3.15 0.11) 
(3.20 0.11) 
(3.25 0.11) 
(3.30 0.11) 
(3.35 0.11) 
(3.40 0.11) 
(3.45 0.11) 
(3.50 0.11) 
(3.55 0.11) 
(3.60 0.11) 
(3.65 0.11) 
(3.70 0.11) 
(3.75 0.11) 
(3.80 0.11) 
(3.85 0.11) 
(3.90 0.11) 
(3.95 0.11) 
(4.00 0.11) 
(4.05 0.11) 
(0.05 0.13) 
(0.10 0.13) 
(0.15 0.13) 
(0.20 0.13) 
(0.25 0.13) 
(0.30 0.13) 
(0.35 0.13) 
(0.40 0.13) 
(0.45 0.13) 
(0.50 0.13) 
(0.55 0.13) 
(0.60 0.13) 
(0.65 0.13) 
(0.70 0.13) 
(0.75 0.13) 
(0.80 0.13) 
(0.85 0.13) 
(0.90 0.13) 
(0.95 0.13) 
(1.00 0.13) 
(1.05 0.13) 
(1.10 0.13) 
(1.15 0.13) 
(1.20 0.13) 
(1.25 0.13) 
(1.30 0.13) 
(1.35 0.13) 
(1.40 0.13) 
(1.45 0.13) 
(1.50 0.13) 
(1.55 0.13) 
(1.60 0.13) 
(1.65 0.13) 
(1.70 0.13) 
(1.75 0.13) 
(1.80 0.13) 
(1.85 0.13) 
(1.90 0.13) 
(1.95 0.13) 
(2.00 0.13) 
(2.05 0.13) 
(2.10 0.13) 
(2.15 0.13) 
(2.20 0.13) 
(2.25 0.13) 
(2.30 0.13) 
(2.35 0.13) 
(2.40 0.13) 
(2.45 0.13) 
(2.50 0.13) 
(2.55 0.13) 
(2.60 0.13) 
(2.65 0.13) 
(2.70 0.13) 
(2.75 0.13) 
(2.80 0.13) 
(2.85 0.13) 
(2.90 0.13) 
(2.95 0.13) 
(3.00 0.13) 
(3.05 0.13) 
(3.10 0.13) 
(3.15 0.13) 
(3.20 0.13) 
(3.25 0.13) 
(3.30 0.13) 
(3.35 0.13) 
(3.40 0.13) 
(3.45 0.13) 
(3.50 0.13) 
(3.55 0.13) 
(3.60 0.13) 
(3.65 0.13) 
(3.70 0.13) 
(3.75 0.13) 
(3.80 0.13) 
(3.85 0.13) 
(3.90 0.13) 
(3.95 0.13) 
(4.00 0.13) 
(4.05 0.13) 
(0.05 0.16) 
(0.10 0.16) 
(0.15 0.16) 
(0.20 0.16) 
(0.25 0.16) 
(0.30 0.16) 
(0.35 0.16) 
(0.40 0.16) 
(0.45 0.16) 
(0.50 0.16) 
(0.55 0.16) 
(0.60 0.16) 
(0.65 0.16) 
(0.70 0.16) 
(0.75 0.16) 
(0.80 0.16) 
(0.85 0.16) 
(0.90 0.16) 
(0.95 0.16) 
(1.00 0.16) 
(1.05 0.16) 
(1.10 0.16) 
(1.15 0.16) 
(1.20 0.16) 
(1.25 0.16) 
(1.30 0.16) 
(1.35 0.16) 
(1.40 0.16) 
(1.45 0.16) 
(1.50 0.16) 
(1.55 0.16) 
(1.60 0.16) 
(1.65 0.16) 
(1.70 0.16) 
(1.75 0.16) 
(1.80 0.16) 
(1.85 0.16) 
(1.90 0.16) 
(1.95 0.16) 
(2.00 0.16) 
(2.05 0.16) 
(2.10 0.16) 
(2.15 0.16) 
(2.20 0.16) 
(2.25 0.16) 
(2.30 0.16) 
(2.35 0.16) 
(2.40 0.16) 
(2.45 0.16) 
(2.50 0.16) 
(2.55 0.16) 
(2.60 0.16) 
(2.65 0.16) 
(2.70 0.16) 
(2.75 0.16) 
(2.80 0.16) 
(2.85 0.16) 
(2.90 0.16) 
(2.95 0.16) 
(3.00 0.16) 
(3.05 0.16) 
(3.10 0.16) 
(3.15 0.16) 
(3.20 0.16) 
(3.25 0.16) 
(3.30 0.16) 
(3.35 0.16) 
(3.40 0.16) 
(3.45 0.16) 
(3.50 0.16) 
(3.55 0.16) 
(3.60 0.16) 
(3.65 0.16) 
(3.70 0.16) 
(3.75 0.16) 
(3.80 0.16) 
(3.85 0.16) 
(3.90 0.16) 
(3.95 0.16) 
(4.00 0.16) 
(4.05 0.16) 
(0.05 0.18) 
(0.10 0.18) 
(0.15 0.18) 
(0.20 0.18) 
(0.25 0.18) 
(0.30 0.18) 
(0.35 0.18) 
(0.40 0.18) 
(0.45 0.18) 
(0.50 0.18) 
(0.55 0.18) 
(0.60 0.18) 
(0.65 0.18) 
(0.70 0.18) 
(0.75 0.18) 
(0.80 0.18) 
(0.85 0.18) 
(0.90 0.18) 
(0.95 0.18) 
(1.00 0.18) 
(1.05 0.18) 
(1.10 0.18) 
(1.15 0.18) 
(1.20 0.18) 
(1.25 0.18) 
(1.30 0.18) 
(1.35 0.18) 
(1.40 0.18) 
(1.45 0.18) 
(1.50 0.18) 
(1.55 0.18) 
(1.60 0.18) 
(1.65 0.18) 
(1.70 0.18) 
(1.75 0.18) 
(1.80 0.18) 
(1.85 0.18) 
(1.90 0.18) 
(1.95 0.18) 
(2.00 0.18) 
(2.05 0.18) 
(2.10 0.18) 
(2.15 0.18) 
(2.20 0.18) 
(2.25 0.18) 
(2.30 0.18) 
(2.35 0.18) 
(2.40 0.18) 
(2.45 0.18) 
(2.50 0.18) 
(2.55 0.18) 
(2.60 0.18) 
(2.65 0.18) 
(2.70 0.18) 
(2.75 0.18) 
(2.80 0.18) 
(2.85 0.18) 
(2.90 0.18) 
(2.95 0.18) 
(3.00 0.18) 
(3.05 0.18) 
(3.10 0.18) 
(3.15 0.18) 
(3.20 0.18) 
(3.25 0.18) 
(3.30 0.18) 
(3.35 0.18) 
(3.40 0.18) 
(3.45 0.18) 
(3.50 0.18) 
(3.55 0.18) 
(3.60 0.18) 
(3.65 0.18) 
(3.70 0.18) 
(3.75 0.18) 
(3.80 0.18) 
(3.85 0.18) 
(3.90 0.18) 
(3.95 0.18) 
(4.00 0.18) 
(4.05 0.18) 
(0.05 0.21) 
(0.10 0.21) 
(0.15 0.21) 
(0.20 0.21) 
(0.25 0.21) 
(0.30 0.21) 
(0.35 0.21) 
(0.40 0.21) 
(0.45 0.21) 
(0.50 0.21) 
(0.55 0.21) 
(0.60 0.21) 
(0.65 0.21) 
(0.70 0.21) 
(0.75 0.21) 
(0.80 0.21) 
(0.85 0.21) 
(0.90 0.21) 
(0.95 0.21) 
(1.00 0.21) 
(1.05 0.21) 
(1.10 0.21) 
(1.15 0.21) 
(1.20 0.21) 
(1.25 0.21) 
(1.30 0.21) 
(1.35 0.21) 
(1.40 0.21) 
(1.45 0.21) 
(1.50 0.21) 
(1.55 0.21) 
(1.60 0.21) 
(1.65 0.21) 
(1.70 0.21) 
(1.75 0.21) 
(1.80 0.21) 
(1.85 0.21) 
(1.90 0.21) 
(1.95 0.21) 
(2.00 0.21) 
(2.05 0.21) 
(2.10 0.21) 
(2.15 0.21) 
(2.20 0.21) 
(2.25 0.21) 
(2.30 0.21) 
(2.35 0.21) 
(2.40 0.21) 
(2.45 0.21) 
(2.50 0.21) 
(2.55 0.21) 
(2.60 0.21) 
(2.65 0.21) 
(2.70 0.21) 
(2.75 0.21) 
(2.80 0.21) 
(2.85 0.21) 
(2.90 0.21) 
(2.95 0.21) 
(3.00 0.21) 
(3.05 0.21) 
(3.10 0.21) 
(3.15 0.21) 
(3.20 0.21) 
(3.25 0.21) 
(3.30 0.21) 
(3.35 0.21) 
(3.40 0.21) 
(3.45 0.21) 
(3.50 0.21) 
(3.55 0.21) 
(3.60 0.21) 
(3.65 0.21) 
(3.70 0.21) 
(3.75 0.21) 
(3.80 0.21) 
(3.85 0.21) 
(3.90 0.21) 
(3.95 0.21) 
(4.00 0.21) 
(4.05 0.21) 
(0.05 0.23) 
(0.10 0.23) 
(0.15 0.23) 
(0.20 0.23) 
(0.25 0.23) 
(0.30 0.23) 
(0.35 0.23) 
(0.40 0.23) 
(0.45 0.23) 
(0.50 0.23) 
(0.55 0.23) 
(0.60 0.23) 
(0.65 0.23) 
(0.70 0.23) 
(0.75 0.23) 
(0.80 0.23) 
(0.85 0.23) 
(0.90 0.23) 
(0.95 0.23) 
(1.00 0.23) 
(1.05 0.23) 
(1.10 0.23) 
(1.15 0.23) 
(1.20 0.23) 
(1.25 0.23) 
(1.30 0.23) 
(1.35 0.23) 
(1.40 0.23) 
(1.45 0.23) 
(1.50 0.23) 
(1.55 0.23) 
(1.60 0.23) 
(1.65 0.23) 
(1.70 0.23) 
(1.75 0.23) 
(1.80 0.23) 
(1.85 0.23) 
(1.90 0.23) 
(1.95 0.23) 
(2.00 0.23) 
(2.05 0.23) 
(2.10 0.23) 
(2.15 0.23) 
(2.20 0.23) 
(2.25 0.23) 
(2.30 0.23) 
(2.35 0.23) 
(2.40 0.23) 
(2.45 0.23) 
(2.50 0.23) 
(2.55 0.23) 
(2.60 0.23) 
(2.65 0.23) 
(2.70 0.23) 
(2.75 0.23) 
(2.80 0.23) 
(2.85 0.23) 
(2.90 0.23) 
(2.95 0.23) 
(3.00 0.23) 
(3.05 0.23) 
(3.10 0.23) 
(3.15 0.23) 
(3.20 0.23) 
(3.25 0.23) 
(3.30 0.23) 
(3.35 0.23) 
(3.40 0.23) 
(3.45 0.23) 
(3.50 0.23) 
(3.55 0.23) 
(3.60 0.23) 
(3.65 0.23) 
(3.70 0.23) 
(3.75 0.23) 
(3.80 0.23) 
(3.85 0.23) 
(3.90 0.23) 
(3.95 0.23) 
(4.00 0.23) 
(4.05 0.23) 
(0.05 0.26) 
(0.10 0.26) 
(0.15 0.26) 
(0.20 0.26) 
(0.25 0.26) 
(0.30 0.26) 
(0.35 0.26) 
(0.40 0.26) 
(0.45 0.26) 
(0.50 0.26) 
(0.55 0.26) 
(0.60 0.26) 
(0.65 0.26) 
(0.70 0.26) 
(0.75 0.26) 
(0.80 0.26) 
(0.85 0.26) 
(0.90 0.26) 
(0.95 0.26) 
(1.00 0.26) 
(1.05 0.26) 
(1.10 0.26) 
(1.15 0.26) 
(1.20 0.26) 
(1.25 0.26) 
(1.30 0.26) 
(1.35 0.26) 
(1.40 0.26) 
(1.45 0.26) 
(1.50 0.26) 
(1.55 0.26) 
(1.60 0.26) 
(1.65 0.26) 
(1.70 0.26) 
(1.75 0.26) 
(1.80 0.26) 
(1.85 0.26) 
(1.90 0.26) 
(1.95 0.26) 
(2.00 0.26) 
(2.05 0.26) 
(2.10 0.26) 
(2.15 0.26) 
(2.20 0.26) 
(2.25 0.26) 
(2.30 0.26) 
(2.35 0.26) 
(2.40 0.26) 
(2.45 0.26) 
(2.50 0.26) 
(2.55 0.26) 
(2.60 0.26) 
(2.65 0.26) 
(2.70 0.26) 
(2.75 0.26) 
(2.80 0.26) 
(2.85 0.26) 
(2.90 0.26) 
(2.95 0.26) 
(3.00 0.26) 
(3.05 0.26) 
(3.10 0.26) 
(3.15 0.26) 
(3.20 0.26) 
(3.25 0.26) 
(3.30 0.26) 
(3.35 0.26) 
(3.40 0.26) 
(3.45 0.26) 
(3.50 0.26) 
(3.55 0.26) 
(3.60 0.26) 
(3.65 0.26) 
(3.70 0.26) 
(3.75 0.26) 
(3.80 0.26) 
(3.85 0.26) 
(3.90 0.26) 
(3.95 0.26) 
(4.00 0.26) 
(4.05 0.26) 
(0.05 0.28) 
(0.10 0.28) 
(0.15 0.28) 
(0.20 0.28) 
(0.25 0.28) 
(0.30 0.28) 
(0.35 0.28) 
(0.40 0.28) 
(0.45 0.28) 
(0.50 0.28) 
(0.55 0.28) 
(0.60 0.28) 
(0.65 0.28) 
(0.70 0.28) 
(0.75 0.28) 
(0.80 0.28) 
(0.85 0.28) 
(0.90 0.28) 
(0.95 0.28) 
(1.00 0.28) 
(1.05 0.28) 
(1.10 0.28) 
(1.15 0.28) 
(1.20 0.28) 
(1.25 0.28) 
(1.30 0.28) 
(1.35 0.28) 
(1.40 0.28) 
(1.45 0.28) 
(1.50 0.28) 
(1.55 0.28) 
(1.60 0.28) 
(1.65 0.28) 
(1.70 0.28) 
(1.75 0.28) 
(1.80 0.28) 
(1.85 0.28) 
(1.90 0.28) 
(1.95 0.28) 
(2.00 0.28) 
(2.05 0.28) 
(2.10 0.28) 
(2.15 0.28) 
(2.20 0.28) 
(2.25 0.28) 
(2.30 0.28) 
(2.35 0.28) 
(2.40 0.28) 
(2.45 0.28) 
(2.50 0.28) 
(2.55 0.28) 
(2.60 0.28) 
(2.65 0.28) 
(2.70 0.28) 
(2.75 0.28) 
(2.80 0.28) 
(2.85 0.28) 
(2.90 0.28) 
(2.95 0.28) 
(3.00 0.28) 
(3.05 0.28) 
(3.10 0.28) 
(3.15 0.28) 
(3.20 0.28) 
(3.25 0.28) 
(3.30 0.28) 
(3.35 0.28) 
(3.40 0.28) 
(3.45 0.28) 
(3.50 0.28) 
(3.55 0.28) 
(3.60 0.28) 
(3.65 0.28) 
(3.70 0.28) 
(3.75 0.28) 
(3.80 0.28) 
(3.85 0.28) 
(3.90 0.28) 
(3.95 0.28) 
(4.00 0.28) 
(4.05 0.28) 
(0.05 0.30) 
(0.10 0.30) 
(0.15 0.30) 
(0.20 0.30) 
(0.25 0.30) 
(0.30 0.30) 
(0.35 0.30) 
(0.40 0.30) 
(0.45 0.30) 
(0.50 0.30) 
(0.55 0.30) 
(0.60 0.30) 
(0.65 0.30) 
(0.70 0.30) 
(0.75 0.30) 
(0.80 0.30) 
(0.85 0.30) 
(0.90 0.30) 
(0.95 0.30) 
(1.00 0.30) 
(1.05 0.30) 
(1.10 0.30) 
(1.15 0.30) 
(1.20 0.30) 
(1.25 0.30) 
(1.30 0.30) 
(1.35 0.30) 
(1.40 0.30) 
(1.45 0.30) 
(1.50 0.30) 
(1.55 0.30) 
(1.60 0.30) 
(1.65 0.30) 
(1.70 0.30) 
(1.75 0.30) 
(1.80 0.30) 
(1.85 0.30) 
(1.90 0.30) 
(1.95 0.30) 
(2.00 0.30) 
(2.05 0.30) 
(2.10 0.30) 
(2.15 0.30) 
(2.20 0.30) 
(2.25 0.30) 
(2.30 0.30) 
(2.35 0.30) 
(2.40 0.30) 
(2.45 0.30) 
(2.50 0.30) 
(2.55 0.30) 
(2.60 0.30) 
(2.65 0.30) 
(2.70 0.30) 
(2.75 0.30) 
(2.80 0.30) 
(2.85 0.30) 
(2.90 0.30) 
(2.95 0.30) 
(3.00 0.30) 
(3.05 0.30) 
(3.10 0.30) 
(3.15 0.30) 
(3.20 0.30) 
(3.25 0.30) 
(3.30 0.30) 
(3.35 0.30) 
(3.40 0.30) 
(3.45 0.30) 
(3.50 0.30) 
(3.55 0.30) 
(3.60 0.30) 
(3.65 0.30) 
(3.70 0.30) 
(3.75 0.30) 
(3.80 0.30) 
(3.85 0.30) 
(3.90 0.30) 
(3.95 0.30) 
(4.00 0.30) 
(4.05 0.30) 
(0.05 0.33) 
(0.10 0.33) 
(0.15 0.33) 
(0.20 0.33) 
(0.25 0.33) 
(0.30 0.33) 
(0.35 0.33) 
(0.40 0.33) 
(0.45 0.33) 
(0.50 0.33) 
(0.55 0.33) 
(0.60 0.33) 
(0.65 0.33) 
(0.70 0.33) 
(0.75 0.33) 
(0.80 0.33) 
(0.85 0.33) 
(0.90 0.33) 
(0.95 0.33) 
(1.00 0.33) 
(1.05 0.33) 
(1.10 0.33) 
(1.15 0.33) 
(1.20 0.33) 
(1.25 0.33) 
(1.30 0.33) 
(1.35 0.33) 
(1.40 0.33) 
(1.45 0.33) 
(1.50 0.33) 
(1.55 0.33) 
(1.60 0.33) 
(1.65 0.33) 
(1.70 0.33) 
(1.75 0.33) 
(1.80 0.33) 
(1.85 0.33) 
(1.90 0.33) 
(1.95 0.33) 
(2.00 0.33) 
(2.05 0.33) 
(2.10 0.33) 
(2.15 0.33) 
(2.20 0.33) 
(2.25 0.33) 
(2.30 0.33) 
(2.35 0.33) 
(2.40 0.33) 
(2.45 0.33) 
(2.50 0.33) 
(2.55 0.33) 
(2.60 0.33) 
(2.65 0.33) 
(2.70 0.33) 
(2.75 0.33) 
(2.80 0.33) 
(2.85 0.33) 
(2.90 0.33) 
(2.95 0.33) 
(3.00 0.33) 
(3.05 0.33) 
(3.10 0.33) 
(3.15 0.33) 
(3.20 0.33) 
(3.25 0.33) 
(3.30 0.33) 
(3.35 0.33) 
(3.40 0.33) 
(3.45 0.33) 
(3.50 0.33) 
(3.55 0.33) 
(3.60 0.33) 
(3.65 0.33) 
(3.70 0.33) 
(3.75 0.33) 
(3.80 0.33) 
(3.85 0.33) 
(3.90 0.33) 
(3.95 0.33) 
(4.00 0.33) 
(4.05 0.33) 
(0.05 0.35) 
(0.10 0.35) 
(0.15 0.35) 
(0.20 0.35) 
(0.25 0.35) 
(0.30 0.35) 
(0.35 0.35) 
(0.40 0.35) 
(0.45 0.35) 
(0.50 0.35) 
(0.55 0.35) 
(0.60 0.35) 
(0.65 0.35) 
(0.70 0.35) 
(0.75 0.35) 
(0.80 0.35) 
(0.85 0.35) 
(0.90 0.35) 
(0.95 0.35) 
(1.00 0.35) 
(1.05 0.35) 
(1.10 0.35) 
(1.15 0.35) 
(1.20 0.35) 
(1.25 0.35) 
(1.30 0.35) 
(1.35 0.35) 
(1.40 0.35) 
(1.45 0.35) 
(1.50 0.35) 
(1.55 0.35) 
(1.60 0.35) 
(1.65 0.35) 
(1.70 0.35) 
(1.75 0.35) 
(1.80 0.35) 
(1.85 0.35) 
(1.90 0.35) 
(1.95 0.35) 
(2.00 0.35) 
(2.05 0.35) 
(2.10 0.35) 
(2.15 0.35) 
(2.20 0.35) 
(2.25 0.35) 
(2.30 0.35) 
(2.35 0.35) 
(2.40 0.35) 
(2.45 0.35) 
(2.50 0.35) 
(2.55 0.35) 
(2.60 0.35) 
(2.65 0.35) 
(2.70 0.35) 
(2.75 0.35) 
(2.80 0.35) 
(2.85 0.35) 
(2.90 0.35) 
(2.95 0.35) 
(3.00 0.35) 
(3.05 0.35) 
(3.10 0.35) 
(3.15 0.35) 
(3.20 0.35) 
(3.25 0.35) 
(3.30 0.35) 
(3.35 0.35) 
(3.40 0.35) 
(3.45 0.35) 
(3.50 0.35) 
(3.55 0.35) 
(3.60 0.35) 
(3.65 0.35) 
(3.70 0.35) 
(3.75 0.35) 
(3.80 0.35) 
(3.85 0.35) 
(3.90 0.35) 
(3.95 0.35) 
(4.00 0.35) 
(4.05 0.35) 
(0.05 0.38) 
(0.10 0.38) 
(0.15 0.38) 
(0.20 0.38) 
(0.25 0.38) 
(0.30 0.38) 
(0.35 0.38) 
(0.40 0.38) 
(0.45 0.38) 
(0.50 0.38) 
(0.55 0.38) 
(0.60 0.38) 
(0.65 0.38) 
(0.70 0.38) 
(0.75 0.38) 
(0.80 0.38) 
(0.85 0.38) 
(0.90 0.38) 
(0.95 0.38) 
(1.00 0.38) 
(1.05 0.38) 
(1.10 0.38) 
(1.15 0.38) 
(1.20 0.38) 
(1.25 0.38) 
(1.30 0.38) 
(1.35 0.38) 
(1.40 0.38) 
(1.45 0.38) 
(1.50 0.38) 
(1.55 0.38) 
(1.60 0.38) 
(1.65 0.38) 
(1.70 0.38) 
(1.75 0.38) 
(1.80 0.38) 
(1.85 0.38) 
(1.90 0.38) 
(1.95 0.38) 
(2.00 0.38) 
(2.05 0.38) 
(2.10 0.38) 
(2.15 0.38) 
(2.20 0.38) 
(2.25 0.38) 
(2.30 0.38) 
(2.35 0.38) 
(2.40 0.38) 
(2.45 0.38) 
(2.50 0.38) 
(2.55 0.38) 
(2.60 0.38) 
(2.65 0.38) 
(2.70 0.38) 
(2.75 0.38) 
(2.80 0.38) 
(2.85 0.38) 
(2.90 0.38) 
(2.95 0.38) 
(3.00 0.38) 
(3.05 0.38) 
(3.10 0.38) 
(3.15 0.38) 
(3.20 0.38) 
(3.25 0.38) 
(3.30 0.38) 
(3.35 0.38) 
(3.40 0.38) 
(3.45 0.38) 
(3.50 0.38) 
(3.55 0.38) 
(3.60 0.38) 
(3.65 0.38) 
(3.70 0.38) 
(3.75 0.38) 
(3.80 0.38) 
(3.85 0.38) 
(3.90 0.38) 
(3.95 0.38) 
(4.00 0.38) 
(4.05 0.38) 
(0.05 0.40) 
(0.10 0.40) 
(0.15 0.40) 
(0.20 0.40) 
(0.25 0.40) 
(0.30 0.40) 
(0.35 0.40) 
(0.40 0.40) 
(0.45 0.40) 
(0.50 0.40) 
(0.55 0.40) 
(0.60 0.40) 
(0.65 0.40) 
(0.70 0.40) 
(0.75 0.40) 
(0.80 0.40) 
(0.85 0.40) 
(0.90 0.40) 
(0.95 0.40) 
(1.00 0.40) 
(1.05 0.40) 
(1.10 0.40) 
(1.15 0.40) 
(1.20 0.40) 
(1.25 0.40) 
(1.30 0.40) 
(1.35 0.40) 
(1.40 0.40) 
(1.45 0.40) 
(1.50 0.40) 
(1.55 0.40) 
(1.60 0.40) 
(1.65 0.40) 
(1.70 0.40) 
(1.75 0.40) 
(1.80 0.40) 
(1.85 0.40) 
(1.90 0.40) 
(1.95 0.40) 
(2.00 0.40) 
(2.05 0.40) 
(2.10 0.40) 
(2.15 0.40) 
(2.20 0.40) 
(2.25 0.40) 
(2.30 0.40) 
(2.35 0.40) 
(2.40 0.40) 
(2.45 0.40) 
(2.50 0.40) 
(2.55 0.40) 
(2.60 0.40) 
(2.65 0.40) 
(2.70 0.40) 
(2.75 0.40) 
(2.80 0.40) 
(2.85 0.40) 
(2.90 0.40) 
(2.95 0.40) 
(3.00 0.40) 
(3.05 0.40) 
(3.10 0.40) 
(3.15 0.40) 
(3.20 0.40) 
(3.25 0.40) 
(3.30 0.40) 
(3.35 0.40) 
(3.40 0.40) 
(3.45 0.40) 
(3.50 0.40) 
(3.55 0.40) 
(3.60 0.40) 
(3.65 0.40) 
(3.70 0.40) 
(3.75 0.40) 
(3.80 0.40) 
(3.85 0.40) 
(3.90 0.40) 
(3.95 0.40) 
(4.00 0.40) 
(4.05 0.40) 
(0.05 0.43) 
(0.10 0.43) 
(0.15 0.43) 
(0.20 0.43) 
(0.25 0.43) 
(0.30 0.43) 
(0.35 0.43) 
(0.40 0.43) 
(0.45 0.43) 
(0.50 0.43) 
(0.55 0.43) 
(0.60 0.43) 
(0.65 0.43) 
(0.70 0.43) 
(0.75 0.43) 
(0.80 0.43) 
(0.85 0.43) 
(0.90 0.43) 
(0.95 0.43) 
(1.00 0.43) 
(1.05 0.43) 
(1.10 0.43) 
(1.15 0.43) 
(1.20 0.43) 
(1.25 0.43) 
(1.30 0.43) 
(1.35 0.43) 
(1.40 0.43) 
(1.45 0.43) 
(1.50 0.43) 
(1.55 0.43) 
(1.60 0.43) 
(1.65 0.43) 
(1.70 0.43) 
(1.75 0.43) 
(1.80 0.43) 
(1.85 0.43) 
(1.90 0.43) 
(1.95 0.43) 
(2.00 0.43) 
(2.05 0.43) 
(2.10 0.43) 
(2.15 0.43) 
(2.20 0.43) 
(2.25 0.43) 
(2.30 0.43) 
(2.35 0.43) 
(2.40 0.43) 
(2.45 0.43) 
(2.50 0.43) 
(2.55 0.43) 
(2.60 0.43) 
(2.65 0.43) 
(2.70 0.43) 
(2.75 0.43) 
(2.80 0.43) 
(2.85 0.43) 
(2.90 0.43) 
(2.95 0.43) 
(3.00 0.43) 
(3.05 0.43) 
(3.10 0.43) 
(3.15 0.43) 
(3.20 0.43) 
(3.25 0.43) 
(3.30 0.43) 
(3.35 0.43) 
(3.40 0.43) 
(3.45 0.43) 
(3.50 0.43) 
(3.55 0.43) 
(3.60 0.43) 
(3.65 0.43) 
(3.70 0.43) 
(3.75 0.43) 
(3.80 0.43) 
(3.85 0.43) 
(3.90 0.43) 
(3.95 0.43) 
(4.00 0.43) 
(4.05 0.43) 
(0.05 0.45) 
(0.10 0.45) 
(0.15 0.45) 
(0.20 0.45) 
(0.25 0.45) 
(0.30 0.45) 
(0.35 0.45) 
(0.40 0.45) 
(0.45 0.45) 
(0.50 0.45) 
(0.55 0.45) 
(0.60 0.45) 
(0.65 0.45) 
(0.70 0.45) 
(0.75 0.45) 
(0.80 0.45) 
(0.85 0.45) 
(0.90 0.45) 
(0.95 0.45) 
(1.00 0.45) 
(1.05 0.45) 
(1.10 0.45) 
(1.15 0.45) 
(1.20 0.45) 
(1.25 0.45) 
(1.30 0.45) 
(1.35 0.45) 
(1.40 0.45) 
(1.45 0.45) 
(1.50 0.45) 
(1.55 0.45) 
(1.60 0.45) 
(1.65 0.45) 
(1.70 0.45) 
(1.75 0.45) 
(1.80 0.45) 
(1.85 0.45) 
(1.90 0.45) 
(1.95 0.45) 
(2.00 0.45) 
(2.05 0.45) 
(2.10 0.45) 
(2.15 0.45) 
(2.20 0.45) 
(2.25 0.45) 
(2.30 0.45) 
(2.35 0.45) 
(2.40 0.45) 
(2.45 0.45) 
(2.50 0.45) 
(2.55 0.45) 
(2.60 0.45) 
(2.65 0.45) 
(2.70 0.45) 
(2.75 0.45) 
(2.80 0.45) 
(2.85 0.45) 
(2.90 0.45) 
(2.95 0.45) 
(3.00 0.45) 
(3.05 0.45) 
(3.10 0.45) 
(3.15 0.45) 
(3.20 0.45) 
(3.25 0.45) 
(3.30 0.45) 
(3.35 0.45) 
(3.40 0.45) 
(3.45 0.45) 
(3.50 0.45) 
(3.55 0.45) 
(3.60 0.45) 
(3.65 0.45) 
(3.70 0.45) 
(3.75 0.45) 
(3.80 0.45) 
(3.85 0.45) 
(3.90 0.45) 
(3.95 0.45) 
(4.00 0.45) 
(4.05 0.45) 
(0.05 0.48) 
(0.10 0.48) 
(0.15 0.48) 
(0.20 0.48) 
(0.25 0.48) 
(0.30 0.48) 
(0.35 0.48) 
(0.40 0.48) 
(0.45 0.48) 
(0.50 0.48) 
(0.55 0.48) 
(0.60 0.48) 
(0.65 0.48) 
(0.70 0.48) 
(0.75 0.48) 
(0.80 0.48) 
(0.85 0.48) 
(0.90 0.48) 
(0.95 0.48) 
(1.00 0.48) 
(1.05 0.48) 
(1.10 0.48) 
(1.15 0.48) 
(1.20 0.48) 
(1.25 0.48) 
(1.30 0.48) 
(1.35 0.48) 
(1.40 0.48) 
(1.45 0.48) 
(1.50 0.48) 
(1.55 0.48) 
(1.60 0.48) 
(1.65 0.48) 
(1.70 0.48) 
(1.75 0.48) 
(1.80 0.48) 
(1.85 0.48) 
(1.90 0.48) 
(1.95 0.48) 
(2.00 0.48) 
(2.05 0.48) 
(2.10 0.48) 
(2.15 0.48) 
(2.20 0.48) 
(2.25 0.48) 
(2.30 0.48) 
(2.35 0.48) 
(2.40 0.48) 
(2.45 0.48) 
(2.50 0.48) 
(2.55 0.48) 
(2.60 0.48) 
(2.65 0.48) 
(2.70 0.48) 
(2.75 0.48) 
(2.80 0.48) 
(2.85 0.48) 
(2.90 0.48) 
(2.95 0.48) 
(3.00 0.48) 
(3.05 0.48) 
(3.10 0.48) 
(3.15 0.48) 
(3.20 0.48) 
(3.25 0.48) 
(3.30 0.48) 
(3.35 0.48) 
(3.40 0.48) 
(3.45 0.48) 
(3.50 0.48) 
(3.55 0.48) 
(3.60 0.48) 
(3.65 0.48) 
(3.70 0.48) 
(3.75 0.48) 
(3.80 0.48) 
(3.85 0.48) 
(3.90 0.48) 
(3.95 0.48) 
(4.00 0.48) 
(4.05 0.48) 
(0.05 0.50) 
(0.10 0.50) 
(0.15 0.50) 
(0.20 0.50) 
(0.25 0.50) 
(0.30 0.50) 
(0.35 0.50) 
(0.40 0.50) 
(0.45 0.50) 
(0.50 0.50) 
(0.55 0.50) 
(0.60 0.50) 
(0.65 0.50) 
(0.70 0.50) 
(0.75 0.50) 
(0.80 0.50) 
(0.85 0.50) 
(0.90 0.50) 
(0.95 0.50) 
(1.00 0.50) 
(1.05 0.50) 
(1.10 0.50) 
(1.15 0.50) 
(1.20 0.50) 
(1.25 0.50) 
(1.30 0.50) 
(1.35 0.50) 
(1.40 0.50) 
(1.45 0.50) 
(1.50 0.50) 
(1.55 0.50) 
(1.60 0.50) 
(1.65 0.50) 
(1.70 0.50) 
(1.75 0.50) 
(1.80 0.50) 
(1.85 0.50) 
(1.90 0.50) 
(1.95 0.50) 
(2.00 0.50) 
(2.05 0.50) 
(2.10 0.50) 
(2.15 0.50) 
(2.20 0.50) 
(2.25 0.50) 
(2.30 0.50) 
(2.35 0.50) 
(2.40 0.50) 
(2.45 0.50) 
(2.50 0.50) 
(2.55 0.50) 
(2.60 0.50) 
(2.65 0.50) 
(2.70 0.50) 
(2.75 0.50) 
(2.80 0.50) 
(2.85 0.50) 
(2.90 0.50) 
(2.95 0.50) 
(3.00 0.50) 
(3.05 0.50) 
(3.10 0.50) 
(3.15 0.50) 
(3.20 0.50) 
(3.25 0.50) 
(3.30 0.50) 
(3.35 0.50) 
(3.40 0.50) 
(3.45 0.50) 
(3.50 0.50) 
(3.55 0.50) 
(3.60 0.50) 
(3.65 0.50) 
(3.70 0.50) 
(3.75 0.50) 
(3.80 0.50) 
(3.85 0.50) 
(3.90 0.50) 
(3.95 0.50) 
(4.00 0.50) 
(4.05 0.50) 
) 
