100
( 
(Q 0 1 12 11) 
(Q 1 2 13 12) 
(Q 2 3 14 13) 
(Q 3 4 15 14) 
(Q 4 5 16 15) 
(Q 5 6 17 16) 
(Q 6 7 18 17) 
(Q 7 8 19 18) 
(Q 8 9 20 19) 
(Q 9 10 21 20) 
(Q 11 12 23 22) 
(Q 12 13 24 23) 
(Q 13 14 25 24) 
(Q 14 15 26 25) 
(Q 15 16 27 26) 
(Q 16 17 28 27) 
(Q 17 18 29 28) 
(Q 18 19 30 29) 
(Q 19 20 31 30) 
(Q 20 21 32 31) 
(Q 22 23 34 33) 
(Q 23 24 35 34) 
(Q 24 25 36 35) 
(Q 25 26 37 36) 
(Q 26 27 38 37) 
(Q 27 28 39 38) 
(Q 28 29 40 39) 
(Q 29 30 41 40) 
(Q 30 31 42 41) 
(Q 31 32 43 42) 
(Q 33 34 45 44) 
(Q 34 35 46 45) 
(Q 35 36 47 46) 
(Q 36 37 48 47) 
(Q 37 38 49 48) 
(Q 38 39 50 49) 
(Q 39 40 51 50) 
(Q 40 41 52 51) 
(Q 41 42 53 52) 
(Q 42 43 54 53) 
(Q 44 45 56 55) 
(Q 45 46 57 56) 
(Q 46 47 58 57) 
(Q 47 48 59 58) 
(Q 48 49 60 59) 
(Q 49 50 61 60) 
(Q 50 51 62 61) 
(Q 51 52 63 62) 
(Q 52 53 64 63) 
(Q 53 54 65 64) 
(Q 55 56 67 66) 
(Q 56 57 68 67) 
(Q 57 58 69 68) 
(Q 58 59 70 69) 
(Q 59 60 71 70) 
(Q 60 61 72 71) 
(Q 61 62 73 72) 
(Q 62 63 74 73) 
(Q 63 64 75 74) 
(Q 64 65 76 75) 
(Q 66 67 78 77) 
(Q 67 68 79 78) 
(Q 68 69 80 79) 
(Q 69 70 81 80) 
(Q 70 71 82 81) 
(Q 71 72 83 82) 
(Q 72 73 84 83) 
(Q 73 74 85 84) 
(Q 74 75 86 85) 
(Q 75 76 87 86) 
(Q 77 78 89 88) 
(Q 78 79 90 89) 
(Q 79 80 91 90) 
(Q 80 81 92 91) 
(Q 81 82 93 92) 
(Q 82 83 94 93) 
(Q 83 84 95 94) 
(Q 84 85 96 95) 
(Q 85 86 97 96) 
(Q 86 87 98 97) 
(Q 88 89 100 99) 
(Q 89 90 101 100) 
(Q 90 91 102 101) 
(Q 91 92 103 102) 
(Q 92 93 104 103) 
(Q 93 94 105 104) 
(Q 94 95 106 105) 
(Q 95 96 107 106) 
(Q 96 97 108 107) 
(Q 97 98 109 108) 
(Q 99 100 111 110) 
(Q 100 101 112 111) 
(Q 101 102 113 112) 
(Q 102 103 114 113) 
(Q 103 104 115 114) 
(Q 104 105 116 115) 
(Q 105 106 117 116) 
(Q 106 107 118 117) 
(Q 107 108 119 118) 
(Q 108 109 120 119) 
) 
