77
( 
(0.05 -0.50) 
(0.45 -0.50) 
(0.85 -0.50) 
(1.25 -0.50) 
(1.65 -0.50) 
(2.05 -0.50) 
(2.45 -0.50) 
(2.85 -0.50) 
(3.25 -0.50) 
(3.65 -0.50) 
(4.05 -0.50) 
(0.05 -0.33) 
(0.45 -0.33) 
(0.85 -0.33) 
(1.25 -0.33) 
(1.65 -0.33) 
(2.05 -0.33) 
(2.45 -0.33) 
(2.85 -0.33) 
(3.25 -0.33) 
(3.65 -0.33) 
(4.05 -0.33) 
(0.05 -0.17) 
(0.45 -0.17) 
(0.85 -0.17) 
(1.25 -0.17) 
(1.65 -0.17) 
(2.05 -0.17) 
(2.45 -0.17) 
(2.85 -0.17) 
(3.25 -0.17) 
(3.65 -0.17) 
(4.05 -0.17) 
(0.05 -0.00) 
(0.45 -0.00) 
(0.85 -0.00) 
(1.25 -0.00) 
(1.65 -0.00) 
(2.05 -0.00) 
(2.45 -0.00) 
(2.85 -0.00) 
(3.25 -0.00) 
(3.65 -0.00) 
(4.05 -0.00) 
(0.05 0.17) 
(0.45 0.17) 
(0.85 0.17) 
(1.25 0.17) 
(1.65 0.17) 
(2.05 0.17) 
(2.45 0.17) 
(2.85 0.17) 
(3.25 0.17) 
(3.65 0.17) 
(4.05 0.17) 
(0.05 0.33) 
(0.45 0.33) 
(0.85 0.33) 
(1.25 0.33) 
(1.65 0.33) 
(2.05 0.33) 
(2.45 0.33) 
(2.85 0.33) 
(3.25 0.33) 
(3.65 0.33) 
(4.05 0.33) 
(0.05 0.50) 
(0.45 0.50) 
(0.85 0.50) 
(1.25 0.50) 
(1.65 0.50) 
(2.05 0.50) 
(2.45 0.50) 
(2.85 0.50) 
(3.25 0.50) 
(3.65 0.50) 
(4.05 0.50) 
) 
