220
( 
(Q 0 1 22 21) 
(Q 1 2 23 22) 
(Q 2 3 24 23) 
(Q 3 4 25 24) 
(Q 4 5 26 25) 
(Q 5 6 27 26) 
(Q 6 7 28 27) 
(Q 7 8 29 28) 
(Q 8 9 30 29) 
(Q 9 10 31 30) 
(Q 10 11 32 31) 
(Q 11 12 33 32) 
(Q 12 13 34 33) 
(Q 13 14 35 34) 
(Q 14 15 36 35) 
(Q 15 16 37 36) 
(Q 16 17 38 37) 
(Q 17 18 39 38) 
(Q 18 19 40 39) 
(Q 19 20 41 40) 
(Q 21 22 43 42) 
(Q 22 23 44 43) 
(Q 23 24 45 44) 
(Q 24 25 46 45) 
(Q 25 26 47 46) 
(Q 26 27 48 47) 
(Q 27 28 49 48) 
(Q 28 29 50 49) 
(Q 29 30 51 50) 
(Q 30 31 52 51) 
(Q 31 32 53 52) 
(Q 32 33 54 53) 
(Q 33 34 55 54) 
(Q 34 35 56 55) 
(Q 35 36 57 56) 
(Q 36 37 58 57) 
(Q 37 38 59 58) 
(Q 38 39 60 59) 
(Q 39 40 61 60) 
(Q 40 41 62 61) 
(Q 42 43 64 63) 
(Q 43 44 65 64) 
(Q 44 45 66 65) 
(Q 45 46 67 66) 
(Q 46 47 68 67) 
(Q 47 48 69 68) 
(Q 48 49 70 69) 
(Q 49 50 71 70) 
(Q 50 51 72 71) 
(Q 51 52 73 72) 
(Q 52 53 74 73) 
(Q 53 54 75 74) 
(Q 54 55 76 75) 
(Q 55 56 77 76) 
(Q 56 57 78 77) 
(Q 57 58 79 78) 
(Q 58 59 80 79) 
(Q 59 60 81 80) 
(Q 60 61 82 81) 
(Q 61 62 83 82) 
(Q 63 64 85 84) 
(Q 64 65 86 85) 
(Q 65 66 87 86) 
(Q 66 67 88 87) 
(Q 67 68 89 88) 
(Q 68 69 90 89) 
(Q 69 70 91 90) 
(Q 70 71 92 91) 
(Q 71 72 93 92) 
(Q 72 73 94 93) 
(Q 73 74 95 94) 
(Q 74 75 96 95) 
(Q 75 76 97 96) 
(Q 76 77 98 97) 
(Q 77 78 99 98) 
(Q 78 79 100 99) 
(Q 79 80 101 100) 
(Q 80 81 102 101) 
(Q 81 82 103 102) 
(Q 82 83 104 103) 
(Q 84 85 106 105) 
(Q 85 86 107 106) 
(Q 86 87 108 107) 
(Q 87 88 109 108) 
(Q 88 89 110 109) 
(Q 89 90 111 110) 
(Q 90 91 112 111) 
(Q 91 92 113 112) 
(Q 92 93 114 113) 
(Q 93 94 115 114) 
(Q 94 95 116 115) 
(Q 95 96 117 116) 
(Q 96 97 118 117) 
(Q 97 98 119 118) 
(Q 98 99 120 119) 
(Q 99 100 121 120) 
(Q 100 101 122 121) 
(Q 101 102 123 122) 
(Q 102 103 124 123) 
(Q 103 104 125 124) 
(Q 105 106 127 126) 
(Q 106 107 128 127) 
(Q 107 108 129 128) 
(Q 108 109 130 129) 
(Q 109 110 131 130) 
(Q 110 111 132 131) 
(Q 111 112 133 132) 
(Q 112 113 134 133) 
(Q 113 114 135 134) 
(Q 114 115 136 135) 
(Q 115 116 137 136) 
(Q 116 117 138 137) 
(Q 117 118 139 138) 
(Q 118 119 140 139) 
(Q 119 120 141 140) 
(Q 120 121 142 141) 
(Q 121 122 143 142) 
(Q 122 123 144 143) 
(Q 123 124 145 144) 
(Q 124 125 146 145) 
(Q 126 127 148 147) 
(Q 127 128 149 148) 
(Q 128 129 150 149) 
(Q 129 130 151 150) 
(Q 130 131 152 151) 
(Q 131 132 153 152) 
(Q 132 133 154 153) 
(Q 133 134 155 154) 
(Q 134 135 156 155) 
(Q 135 136 157 156) 
(Q 136 137 158 157) 
(Q 137 138 159 158) 
(Q 138 139 160 159) 
(Q 139 140 161 160) 
(Q 140 141 162 161) 
(Q 141 142 163 162) 
(Q 142 143 164 163) 
(Q 143 144 165 164) 
(Q 144 145 166 165) 
(Q 145 146 167 166) 
(Q 147 148 169 168) 
(Q 148 149 170 169) 
(Q 149 150 171 170) 
(Q 150 151 172 171) 
(Q 151 152 173 172) 
(Q 152 153 174 173) 
(Q 153 154 175 174) 
(Q 154 155 176 175) 
(Q 155 156 177 176) 
(Q 156 157 178 177) 
(Q 157 158 179 178) 
(Q 158 159 180 179) 
(Q 159 160 181 180) 
(Q 160 161 182 181) 
(Q 161 162 183 182) 
(Q 162 163 184 183) 
(Q 163 164 185 184) 
(Q 164 165 186 185) 
(Q 165 166 187 186) 
(Q 166 167 188 187) 
(Q 168 169 190 189) 
(Q 169 170 191 190) 
(Q 170 171 192 191) 
(Q 171 172 193 192) 
(Q 172 173 194 193) 
(Q 173 174 195 194) 
(Q 174 175 196 195) 
(Q 175 176 197 196) 
(Q 176 177 198 197) 
(Q 177 178 199 198) 
(Q 178 179 200 199) 
(Q 179 180 201 200) 
(Q 180 181 202 201) 
(Q 181 182 203 202) 
(Q 182 183 204 203) 
(Q 183 184 205 204) 
(Q 184 185 206 205) 
(Q 185 186 207 206) 
(Q 186 187 208 207) 
(Q 187 188 209 208) 
(Q 189 190 211 210) 
(Q 190 191 212 211) 
(Q 191 192 213 212) 
(Q 192 193 214 213) 
(Q 193 194 215 214) 
(Q 194 195 216 215) 
(Q 195 196 217 216) 
(Q 196 197 218 217) 
(Q 197 198 219 218) 
(Q 198 199 220 219) 
(Q 199 200 221 220) 
(Q 200 201 222 221) 
(Q 201 202 223 222) 
(Q 202 203 224 223) 
(Q 203 204 225 224) 
(Q 204 205 226 225) 
(Q 205 206 227 226) 
(Q 206 207 228 227) 
(Q 207 208 229 228) 
(Q 208 209 230 229) 
(Q 210 211 232 231) 
(Q 211 212 233 232) 
(Q 212 213 234 233) 
(Q 213 214 235 234) 
(Q 214 215 236 235) 
(Q 215 216 237 236) 
(Q 216 217 238 237) 
(Q 217 218 239 238) 
(Q 218 219 240 239) 
(Q 219 220 241 240) 
(Q 220 221 242 241) 
(Q 221 222 243 242) 
(Q 222 223 244 243) 
(Q 223 224 245 244) 
(Q 224 225 246 245) 
(Q 225 226 247 246) 
(Q 226 227 248 247) 
(Q 227 228 249 248) 
(Q 228 229 250 249) 
(Q 229 230 251 250) 
) 
