252
( 
(0.05 -0.50) 
(0.25 -0.50) 
(0.45 -0.50) 
(0.65 -0.50) 
(0.85 -0.50) 
(1.05 -0.50) 
(1.25 -0.50) 
(1.45 -0.50) 
(1.65 -0.50) 
(1.85 -0.50) 
(2.05 -0.50) 
(2.25 -0.50) 
(2.45 -0.50) 
(2.65 -0.50) 
(2.85 -0.50) 
(3.05 -0.50) 
(3.25 -0.50) 
(3.45 -0.50) 
(3.65 -0.50) 
(3.85 -0.50) 
(4.05 -0.50) 
(0.05 -0.41) 
(0.25 -0.41) 
(0.45 -0.41) 
(0.65 -0.41) 
(0.85 -0.41) 
(1.05 -0.41) 
(1.25 -0.41) 
(1.45 -0.41) 
(1.65 -0.41) 
(1.85 -0.41) 
(2.05 -0.41) 
(2.25 -0.41) 
(2.45 -0.41) 
(2.65 -0.41) 
(2.85 -0.41) 
(3.05 -0.41) 
(3.25 -0.41) 
(3.45 -0.41) 
(3.65 -0.41) 
(3.85 -0.41) 
(4.05 -0.41) 
(0.05 -0.32) 
(0.25 -0.32) 
(0.45 -0.32) 
(0.65 -0.32) 
(0.85 -0.32) 
(1.05 -0.32) 
(1.25 -0.32) 
(1.45 -0.32) 
(1.65 -0.32) 
(1.85 -0.32) 
(2.05 -0.32) 
(2.25 -0.32) 
(2.45 -0.32) 
(2.65 -0.32) 
(2.85 -0.32) 
(3.05 -0.32) 
(3.25 -0.32) 
(3.45 -0.32) 
(3.65 -0.32) 
(3.85 -0.32) 
(4.05 -0.32) 
(0.05 -0.23) 
(0.25 -0.23) 
(0.45 -0.23) 
(0.65 -0.23) 
(0.85 -0.23) 
(1.05 -0.23) 
(1.25 -0.23) 
(1.45 -0.23) 
(1.65 -0.23) 
(1.85 -0.23) 
(2.05 -0.23) 
(2.25 -0.23) 
(2.45 -0.23) 
(2.65 -0.23) 
(2.85 -0.23) 
(3.05 -0.23) 
(3.25 -0.23) 
(3.45 -0.23) 
(3.65 -0.23) 
(3.85 -0.23) 
(4.05 -0.23) 
(0.05 -0.14) 
(0.25 -0.14) 
(0.45 -0.14) 
(0.65 -0.14) 
(0.85 -0.14) 
(1.05 -0.14) 
(1.25 -0.14) 
(1.45 -0.14) 
(1.65 -0.14) 
(1.85 -0.14) 
(2.05 -0.14) 
(2.25 -0.14) 
(2.45 -0.14) 
(2.65 -0.14) 
(2.85 -0.14) 
(3.05 -0.14) 
(3.25 -0.14) 
(3.45 -0.14) 
(3.65 -0.14) 
(3.85 -0.14) 
(4.05 -0.14) 
(0.05 -0.05) 
(0.25 -0.05) 
(0.45 -0.05) 
(0.65 -0.05) 
(0.85 -0.05) 
(1.05 -0.05) 
(1.25 -0.05) 
(1.45 -0.05) 
(1.65 -0.05) 
(1.85 -0.05) 
(2.05 -0.05) 
(2.25 -0.05) 
(2.45 -0.05) 
(2.65 -0.05) 
(2.85 -0.05) 
(3.05 -0.05) 
(3.25 -0.05) 
(3.45 -0.05) 
(3.65 -0.05) 
(3.85 -0.05) 
(4.05 -0.05) 
(0.05 0.05) 
(0.25 0.05) 
(0.45 0.05) 
(0.65 0.05) 
(0.85 0.05) 
(1.05 0.05) 
(1.25 0.05) 
(1.45 0.05) 
(1.65 0.05) 
(1.85 0.05) 
(2.05 0.05) 
(2.25 0.05) 
(2.45 0.05) 
(2.65 0.05) 
(2.85 0.05) 
(3.05 0.05) 
(3.25 0.05) 
(3.45 0.05) 
(3.65 0.05) 
(3.85 0.05) 
(4.05 0.05) 
(0.05 0.14) 
(0.25 0.14) 
(0.45 0.14) 
(0.65 0.14) 
(0.85 0.14) 
(1.05 0.14) 
(1.25 0.14) 
(1.45 0.14) 
(1.65 0.14) 
(1.85 0.14) 
(2.05 0.14) 
(2.25 0.14) 
(2.45 0.14) 
(2.65 0.14) 
(2.85 0.14) 
(3.05 0.14) 
(3.25 0.14) 
(3.45 0.14) 
(3.65 0.14) 
(3.85 0.14) 
(4.05 0.14) 
(0.05 0.23) 
(0.25 0.23) 
(0.45 0.23) 
(0.65 0.23) 
(0.85 0.23) 
(1.05 0.23) 
(1.25 0.23) 
(1.45 0.23) 
(1.65 0.23) 
(1.85 0.23) 
(2.05 0.23) 
(2.25 0.23) 
(2.45 0.23) 
(2.65 0.23) 
(2.85 0.23) 
(3.05 0.23) 
(3.25 0.23) 
(3.45 0.23) 
(3.65 0.23) 
(3.85 0.23) 
(4.05 0.23) 
(0.05 0.32) 
(0.25 0.32) 
(0.45 0.32) 
(0.65 0.32) 
(0.85 0.32) 
(1.05 0.32) 
(1.25 0.32) 
(1.45 0.32) 
(1.65 0.32) 
(1.85 0.32) 
(2.05 0.32) 
(2.25 0.32) 
(2.45 0.32) 
(2.65 0.32) 
(2.85 0.32) 
(3.05 0.32) 
(3.25 0.32) 
(3.45 0.32) 
(3.65 0.32) 
(3.85 0.32) 
(4.05 0.32) 
(0.05 0.41) 
(0.25 0.41) 
(0.45 0.41) 
(0.65 0.41) 
(0.85 0.41) 
(1.05 0.41) 
(1.25 0.41) 
(1.45 0.41) 
(1.65 0.41) 
(1.85 0.41) 
(2.05 0.41) 
(2.25 0.41) 
(2.45 0.41) 
(2.65 0.41) 
(2.85 0.41) 
(3.05 0.41) 
(3.25 0.41) 
(3.45 0.41) 
(3.65 0.41) 
(3.85 0.41) 
(4.05 0.41) 
(0.05 0.50) 
(0.25 0.50) 
(0.45 0.50) 
(0.65 0.50) 
(0.85 0.50) 
(1.05 0.50) 
(1.25 0.50) 
(1.45 0.50) 
(1.65 0.50) 
(1.85 0.50) 
(2.05 0.50) 
(2.25 0.50) 
(2.45 0.50) 
(2.65 0.50) 
(2.85 0.50) 
(3.05 0.50) 
(3.25 0.50) 
(3.45 0.50) 
(3.65 0.50) 
(3.85 0.50) 
(4.05 0.50) 
) 
