840
( 
(Q 0 1 42 41) 
(Q 1 2 43 42) 
(Q 2 3 44 43) 
(Q 3 4 45 44) 
(Q 4 5 46 45) 
(Q 5 6 47 46) 
(Q 6 7 48 47) 
(Q 7 8 49 48) 
(Q 8 9 50 49) 
(Q 9 10 51 50) 
(Q 10 11 52 51) 
(Q 11 12 53 52) 
(Q 12 13 54 53) 
(Q 13 14 55 54) 
(Q 14 15 56 55) 
(Q 15 16 57 56) 
(Q 16 17 58 57) 
(Q 17 18 59 58) 
(Q 18 19 60 59) 
(Q 19 20 61 60) 
(Q 20 21 62 61) 
(Q 21 22 63 62) 
(Q 22 23 64 63) 
(Q 23 24 65 64) 
(Q 24 25 66 65) 
(Q 25 26 67 66) 
(Q 26 27 68 67) 
(Q 27 28 69 68) 
(Q 28 29 70 69) 
(Q 29 30 71 70) 
(Q 30 31 72 71) 
(Q 31 32 73 72) 
(Q 32 33 74 73) 
(Q 33 34 75 74) 
(Q 34 35 76 75) 
(Q 35 36 77 76) 
(Q 36 37 78 77) 
(Q 37 38 79 78) 
(Q 38 39 80 79) 
(Q 39 40 81 80) 
(Q 41 42 83 82) 
(Q 42 43 84 83) 
(Q 43 44 85 84) 
(Q 44 45 86 85) 
(Q 45 46 87 86) 
(Q 46 47 88 87) 
(Q 47 48 89 88) 
(Q 48 49 90 89) 
(Q 49 50 91 90) 
(Q 50 51 92 91) 
(Q 51 52 93 92) 
(Q 52 53 94 93) 
(Q 53 54 95 94) 
(Q 54 55 96 95) 
(Q 55 56 97 96) 
(Q 56 57 98 97) 
(Q 57 58 99 98) 
(Q 58 59 100 99) 
(Q 59 60 101 100) 
(Q 60 61 102 101) 
(Q 61 62 103 102) 
(Q 62 63 104 103) 
(Q 63 64 105 104) 
(Q 64 65 106 105) 
(Q 65 66 107 106) 
(Q 66 67 108 107) 
(Q 67 68 109 108) 
(Q 68 69 110 109) 
(Q 69 70 111 110) 
(Q 70 71 112 111) 
(Q 71 72 113 112) 
(Q 72 73 114 113) 
(Q 73 74 115 114) 
(Q 74 75 116 115) 
(Q 75 76 117 116) 
(Q 76 77 118 117) 
(Q 77 78 119 118) 
(Q 78 79 120 119) 
(Q 79 80 121 120) 
(Q 80 81 122 121) 
(Q 82 83 124 123) 
(Q 83 84 125 124) 
(Q 84 85 126 125) 
(Q 85 86 127 126) 
(Q 86 87 128 127) 
(Q 87 88 129 128) 
(Q 88 89 130 129) 
(Q 89 90 131 130) 
(Q 90 91 132 131) 
(Q 91 92 133 132) 
(Q 92 93 134 133) 
(Q 93 94 135 134) 
(Q 94 95 136 135) 
(Q 95 96 137 136) 
(Q 96 97 138 137) 
(Q 97 98 139 138) 
(Q 98 99 140 139) 
(Q 99 100 141 140) 
(Q 100 101 142 141) 
(Q 101 102 143 142) 
(Q 102 103 144 143) 
(Q 103 104 145 144) 
(Q 104 105 146 145) 
(Q 105 106 147 146) 
(Q 106 107 148 147) 
(Q 107 108 149 148) 
(Q 108 109 150 149) 
(Q 109 110 151 150) 
(Q 110 111 152 151) 
(Q 111 112 153 152) 
(Q 112 113 154 153) 
(Q 113 114 155 154) 
(Q 114 115 156 155) 
(Q 115 116 157 156) 
(Q 116 117 158 157) 
(Q 117 118 159 158) 
(Q 118 119 160 159) 
(Q 119 120 161 160) 
(Q 120 121 162 161) 
(Q 121 122 163 162) 
(Q 123 124 165 164) 
(Q 124 125 166 165) 
(Q 125 126 167 166) 
(Q 126 127 168 167) 
(Q 127 128 169 168) 
(Q 128 129 170 169) 
(Q 129 130 171 170) 
(Q 130 131 172 171) 
(Q 131 132 173 172) 
(Q 132 133 174 173) 
(Q 133 134 175 174) 
(Q 134 135 176 175) 
(Q 135 136 177 176) 
(Q 136 137 178 177) 
(Q 137 138 179 178) 
(Q 138 139 180 179) 
(Q 139 140 181 180) 
(Q 140 141 182 181) 
(Q 141 142 183 182) 
(Q 142 143 184 183) 
(Q 143 144 185 184) 
(Q 144 145 186 185) 
(Q 145 146 187 186) 
(Q 146 147 188 187) 
(Q 147 148 189 188) 
(Q 148 149 190 189) 
(Q 149 150 191 190) 
(Q 150 151 192 191) 
(Q 151 152 193 192) 
(Q 152 153 194 193) 
(Q 153 154 195 194) 
(Q 154 155 196 195) 
(Q 155 156 197 196) 
(Q 156 157 198 197) 
(Q 157 158 199 198) 
(Q 158 159 200 199) 
(Q 159 160 201 200) 
(Q 160 161 202 201) 
(Q 161 162 203 202) 
(Q 162 163 204 203) 
(Q 164 165 206 205) 
(Q 165 166 207 206) 
(Q 166 167 208 207) 
(Q 167 168 209 208) 
(Q 168 169 210 209) 
(Q 169 170 211 210) 
(Q 170 171 212 211) 
(Q 171 172 213 212) 
(Q 172 173 214 213) 
(Q 173 174 215 214) 
(Q 174 175 216 215) 
(Q 175 176 217 216) 
(Q 176 177 218 217) 
(Q 177 178 219 218) 
(Q 178 179 220 219) 
(Q 179 180 221 220) 
(Q 180 181 222 221) 
(Q 181 182 223 222) 
(Q 182 183 224 223) 
(Q 183 184 225 224) 
(Q 184 185 226 225) 
(Q 185 186 227 226) 
(Q 186 187 228 227) 
(Q 187 188 229 228) 
(Q 188 189 230 229) 
(Q 189 190 231 230) 
(Q 190 191 232 231) 
(Q 191 192 233 232) 
(Q 192 193 234 233) 
(Q 193 194 235 234) 
(Q 194 195 236 235) 
(Q 195 196 237 236) 
(Q 196 197 238 237) 
(Q 197 198 239 238) 
(Q 198 199 240 239) 
(Q 199 200 241 240) 
(Q 200 201 242 241) 
(Q 201 202 243 242) 
(Q 202 203 244 243) 
(Q 203 204 245 244) 
(Q 205 206 247 246) 
(Q 206 207 248 247) 
(Q 207 208 249 248) 
(Q 208 209 250 249) 
(Q 209 210 251 250) 
(Q 210 211 252 251) 
(Q 211 212 253 252) 
(Q 212 213 254 253) 
(Q 213 214 255 254) 
(Q 214 215 256 255) 
(Q 215 216 257 256) 
(Q 216 217 258 257) 
(Q 217 218 259 258) 
(Q 218 219 260 259) 
(Q 219 220 261 260) 
(Q 220 221 262 261) 
(Q 221 222 263 262) 
(Q 222 223 264 263) 
(Q 223 224 265 264) 
(Q 224 225 266 265) 
(Q 225 226 267 266) 
(Q 226 227 268 267) 
(Q 227 228 269 268) 
(Q 228 229 270 269) 
(Q 229 230 271 270) 
(Q 230 231 272 271) 
(Q 231 232 273 272) 
(Q 232 233 274 273) 
(Q 233 234 275 274) 
(Q 234 235 276 275) 
(Q 235 236 277 276) 
(Q 236 237 278 277) 
(Q 237 238 279 278) 
(Q 238 239 280 279) 
(Q 239 240 281 280) 
(Q 240 241 282 281) 
(Q 241 242 283 282) 
(Q 242 243 284 283) 
(Q 243 244 285 284) 
(Q 244 245 286 285) 
(Q 246 247 288 287) 
(Q 247 248 289 288) 
(Q 248 249 290 289) 
(Q 249 250 291 290) 
(Q 250 251 292 291) 
(Q 251 252 293 292) 
(Q 252 253 294 293) 
(Q 253 254 295 294) 
(Q 254 255 296 295) 
(Q 255 256 297 296) 
(Q 256 257 298 297) 
(Q 257 258 299 298) 
(Q 258 259 300 299) 
(Q 259 260 301 300) 
(Q 260 261 302 301) 
(Q 261 262 303 302) 
(Q 262 263 304 303) 
(Q 263 264 305 304) 
(Q 264 265 306 305) 
(Q 265 266 307 306) 
(Q 266 267 308 307) 
(Q 267 268 309 308) 
(Q 268 269 310 309) 
(Q 269 270 311 310) 
(Q 270 271 312 311) 
(Q 271 272 313 312) 
(Q 272 273 314 313) 
(Q 273 274 315 314) 
(Q 274 275 316 315) 
(Q 275 276 317 316) 
(Q 276 277 318 317) 
(Q 277 278 319 318) 
(Q 278 279 320 319) 
(Q 279 280 321 320) 
(Q 280 281 322 321) 
(Q 281 282 323 322) 
(Q 282 283 324 323) 
(Q 283 284 325 324) 
(Q 284 285 326 325) 
(Q 285 286 327 326) 
(Q 287 288 329 328) 
(Q 288 289 330 329) 
(Q 289 290 331 330) 
(Q 290 291 332 331) 
(Q 291 292 333 332) 
(Q 292 293 334 333) 
(Q 293 294 335 334) 
(Q 294 295 336 335) 
(Q 295 296 337 336) 
(Q 296 297 338 337) 
(Q 297 298 339 338) 
(Q 298 299 340 339) 
(Q 299 300 341 340) 
(Q 300 301 342 341) 
(Q 301 302 343 342) 
(Q 302 303 344 343) 
(Q 303 304 345 344) 
(Q 304 305 346 345) 
(Q 305 306 347 346) 
(Q 306 307 348 347) 
(Q 307 308 349 348) 
(Q 308 309 350 349) 
(Q 309 310 351 350) 
(Q 310 311 352 351) 
(Q 311 312 353 352) 
(Q 312 313 354 353) 
(Q 313 314 355 354) 
(Q 314 315 356 355) 
(Q 315 316 357 356) 
(Q 316 317 358 357) 
(Q 317 318 359 358) 
(Q 318 319 360 359) 
(Q 319 320 361 360) 
(Q 320 321 362 361) 
(Q 321 322 363 362) 
(Q 322 323 364 363) 
(Q 323 324 365 364) 
(Q 324 325 366 365) 
(Q 325 326 367 366) 
(Q 326 327 368 367) 
(Q 328 329 370 369) 
(Q 329 330 371 370) 
(Q 330 331 372 371) 
(Q 331 332 373 372) 
(Q 332 333 374 373) 
(Q 333 334 375 374) 
(Q 334 335 376 375) 
(Q 335 336 377 376) 
(Q 336 337 378 377) 
(Q 337 338 379 378) 
(Q 338 339 380 379) 
(Q 339 340 381 380) 
(Q 340 341 382 381) 
(Q 341 342 383 382) 
(Q 342 343 384 383) 
(Q 343 344 385 384) 
(Q 344 345 386 385) 
(Q 345 346 387 386) 
(Q 346 347 388 387) 
(Q 347 348 389 388) 
(Q 348 349 390 389) 
(Q 349 350 391 390) 
(Q 350 351 392 391) 
(Q 351 352 393 392) 
(Q 352 353 394 393) 
(Q 353 354 395 394) 
(Q 354 355 396 395) 
(Q 355 356 397 396) 
(Q 356 357 398 397) 
(Q 357 358 399 398) 
(Q 358 359 400 399) 
(Q 359 360 401 400) 
(Q 360 361 402 401) 
(Q 361 362 403 402) 
(Q 362 363 404 403) 
(Q 363 364 405 404) 
(Q 364 365 406 405) 
(Q 365 366 407 406) 
(Q 366 367 408 407) 
(Q 367 368 409 408) 
(Q 369 370 411 410) 
(Q 370 371 412 411) 
(Q 371 372 413 412) 
(Q 372 373 414 413) 
(Q 373 374 415 414) 
(Q 374 375 416 415) 
(Q 375 376 417 416) 
(Q 376 377 418 417) 
(Q 377 378 419 418) 
(Q 378 379 420 419) 
(Q 379 380 421 420) 
(Q 380 381 422 421) 
(Q 381 382 423 422) 
(Q 382 383 424 423) 
(Q 383 384 425 424) 
(Q 384 385 426 425) 
(Q 385 386 427 426) 
(Q 386 387 428 427) 
(Q 387 388 429 428) 
(Q 388 389 430 429) 
(Q 389 390 431 430) 
(Q 390 391 432 431) 
(Q 391 392 433 432) 
(Q 392 393 434 433) 
(Q 393 394 435 434) 
(Q 394 395 436 435) 
(Q 395 396 437 436) 
(Q 396 397 438 437) 
(Q 397 398 439 438) 
(Q 398 399 440 439) 
(Q 399 400 441 440) 
(Q 400 401 442 441) 
(Q 401 402 443 442) 
(Q 402 403 444 443) 
(Q 403 404 445 444) 
(Q 404 405 446 445) 
(Q 405 406 447 446) 
(Q 406 407 448 447) 
(Q 407 408 449 448) 
(Q 408 409 450 449) 
(Q 410 411 452 451) 
(Q 411 412 453 452) 
(Q 412 413 454 453) 
(Q 413 414 455 454) 
(Q 414 415 456 455) 
(Q 415 416 457 456) 
(Q 416 417 458 457) 
(Q 417 418 459 458) 
(Q 418 419 460 459) 
(Q 419 420 461 460) 
(Q 420 421 462 461) 
(Q 421 422 463 462) 
(Q 422 423 464 463) 
(Q 423 424 465 464) 
(Q 424 425 466 465) 
(Q 425 426 467 466) 
(Q 426 427 468 467) 
(Q 427 428 469 468) 
(Q 428 429 470 469) 
(Q 429 430 471 470) 
(Q 430 431 472 471) 
(Q 431 432 473 472) 
(Q 432 433 474 473) 
(Q 433 434 475 474) 
(Q 434 435 476 475) 
(Q 435 436 477 476) 
(Q 436 437 478 477) 
(Q 437 438 479 478) 
(Q 438 439 480 479) 
(Q 439 440 481 480) 
(Q 440 441 482 481) 
(Q 441 442 483 482) 
(Q 442 443 484 483) 
(Q 443 444 485 484) 
(Q 444 445 486 485) 
(Q 445 446 487 486) 
(Q 446 447 488 487) 
(Q 447 448 489 488) 
(Q 448 449 490 489) 
(Q 449 450 491 490) 
(Q 451 452 493 492) 
(Q 452 453 494 493) 
(Q 453 454 495 494) 
(Q 454 455 496 495) 
(Q 455 456 497 496) 
(Q 456 457 498 497) 
(Q 457 458 499 498) 
(Q 458 459 500 499) 
(Q 459 460 501 500) 
(Q 460 461 502 501) 
(Q 461 462 503 502) 
(Q 462 463 504 503) 
(Q 463 464 505 504) 
(Q 464 465 506 505) 
(Q 465 466 507 506) 
(Q 466 467 508 507) 
(Q 467 468 509 508) 
(Q 468 469 510 509) 
(Q 469 470 511 510) 
(Q 470 471 512 511) 
(Q 471 472 513 512) 
(Q 472 473 514 513) 
(Q 473 474 515 514) 
(Q 474 475 516 515) 
(Q 475 476 517 516) 
(Q 476 477 518 517) 
(Q 477 478 519 518) 
(Q 478 479 520 519) 
(Q 479 480 521 520) 
(Q 480 481 522 521) 
(Q 481 482 523 522) 
(Q 482 483 524 523) 
(Q 483 484 525 524) 
(Q 484 485 526 525) 
(Q 485 486 527 526) 
(Q 486 487 528 527) 
(Q 487 488 529 528) 
(Q 488 489 530 529) 
(Q 489 490 531 530) 
(Q 490 491 532 531) 
(Q 492 493 534 533) 
(Q 493 494 535 534) 
(Q 494 495 536 535) 
(Q 495 496 537 536) 
(Q 496 497 538 537) 
(Q 497 498 539 538) 
(Q 498 499 540 539) 
(Q 499 500 541 540) 
(Q 500 501 542 541) 
(Q 501 502 543 542) 
(Q 502 503 544 543) 
(Q 503 504 545 544) 
(Q 504 505 546 545) 
(Q 505 506 547 546) 
(Q 506 507 548 547) 
(Q 507 508 549 548) 
(Q 508 509 550 549) 
(Q 509 510 551 550) 
(Q 510 511 552 551) 
(Q 511 512 553 552) 
(Q 512 513 554 553) 
(Q 513 514 555 554) 
(Q 514 515 556 555) 
(Q 515 516 557 556) 
(Q 516 517 558 557) 
(Q 517 518 559 558) 
(Q 518 519 560 559) 
(Q 519 520 561 560) 
(Q 520 521 562 561) 
(Q 521 522 563 562) 
(Q 522 523 564 563) 
(Q 523 524 565 564) 
(Q 524 525 566 565) 
(Q 525 526 567 566) 
(Q 526 527 568 567) 
(Q 527 528 569 568) 
(Q 528 529 570 569) 
(Q 529 530 571 570) 
(Q 530 531 572 571) 
(Q 531 532 573 572) 
(Q 533 534 575 574) 
(Q 534 535 576 575) 
(Q 535 536 577 576) 
(Q 536 537 578 577) 
(Q 537 538 579 578) 
(Q 538 539 580 579) 
(Q 539 540 581 580) 
(Q 540 541 582 581) 
(Q 541 542 583 582) 
(Q 542 543 584 583) 
(Q 543 544 585 584) 
(Q 544 545 586 585) 
(Q 545 546 587 586) 
(Q 546 547 588 587) 
(Q 547 548 589 588) 
(Q 548 549 590 589) 
(Q 549 550 591 590) 
(Q 550 551 592 591) 
(Q 551 552 593 592) 
(Q 552 553 594 593) 
(Q 553 554 595 594) 
(Q 554 555 596 595) 
(Q 555 556 597 596) 
(Q 556 557 598 597) 
(Q 557 558 599 598) 
(Q 558 559 600 599) 
(Q 559 560 601 600) 
(Q 560 561 602 601) 
(Q 561 562 603 602) 
(Q 562 563 604 603) 
(Q 563 564 605 604) 
(Q 564 565 606 605) 
(Q 565 566 607 606) 
(Q 566 567 608 607) 
(Q 567 568 609 608) 
(Q 568 569 610 609) 
(Q 569 570 611 610) 
(Q 570 571 612 611) 
(Q 571 572 613 612) 
(Q 572 573 614 613) 
(Q 574 575 616 615) 
(Q 575 576 617 616) 
(Q 576 577 618 617) 
(Q 577 578 619 618) 
(Q 578 579 620 619) 
(Q 579 580 621 620) 
(Q 580 581 622 621) 
(Q 581 582 623 622) 
(Q 582 583 624 623) 
(Q 583 584 625 624) 
(Q 584 585 626 625) 
(Q 585 586 627 626) 
(Q 586 587 628 627) 
(Q 587 588 629 628) 
(Q 588 589 630 629) 
(Q 589 590 631 630) 
(Q 590 591 632 631) 
(Q 591 592 633 632) 
(Q 592 593 634 633) 
(Q 593 594 635 634) 
(Q 594 595 636 635) 
(Q 595 596 637 636) 
(Q 596 597 638 637) 
(Q 597 598 639 638) 
(Q 598 599 640 639) 
(Q 599 600 641 640) 
(Q 600 601 642 641) 
(Q 601 602 643 642) 
(Q 602 603 644 643) 
(Q 603 604 645 644) 
(Q 604 605 646 645) 
(Q 605 606 647 646) 
(Q 606 607 648 647) 
(Q 607 608 649 648) 
(Q 608 609 650 649) 
(Q 609 610 651 650) 
(Q 610 611 652 651) 
(Q 611 612 653 652) 
(Q 612 613 654 653) 
(Q 613 614 655 654) 
(Q 615 616 657 656) 
(Q 616 617 658 657) 
(Q 617 618 659 658) 
(Q 618 619 660 659) 
(Q 619 620 661 660) 
(Q 620 621 662 661) 
(Q 621 622 663 662) 
(Q 622 623 664 663) 
(Q 623 624 665 664) 
(Q 624 625 666 665) 
(Q 625 626 667 666) 
(Q 626 627 668 667) 
(Q 627 628 669 668) 
(Q 628 629 670 669) 
(Q 629 630 671 670) 
(Q 630 631 672 671) 
(Q 631 632 673 672) 
(Q 632 633 674 673) 
(Q 633 634 675 674) 
(Q 634 635 676 675) 
(Q 635 636 677 676) 
(Q 636 637 678 677) 
(Q 637 638 679 678) 
(Q 638 639 680 679) 
(Q 639 640 681 680) 
(Q 640 641 682 681) 
(Q 641 642 683 682) 
(Q 642 643 684 683) 
(Q 643 644 685 684) 
(Q 644 645 686 685) 
(Q 645 646 687 686) 
(Q 646 647 688 687) 
(Q 647 648 689 688) 
(Q 648 649 690 689) 
(Q 649 650 691 690) 
(Q 650 651 692 691) 
(Q 651 652 693 692) 
(Q 652 653 694 693) 
(Q 653 654 695 694) 
(Q 654 655 696 695) 
(Q 656 657 698 697) 
(Q 657 658 699 698) 
(Q 658 659 700 699) 
(Q 659 660 701 700) 
(Q 660 661 702 701) 
(Q 661 662 703 702) 
(Q 662 663 704 703) 
(Q 663 664 705 704) 
(Q 664 665 706 705) 
(Q 665 666 707 706) 
(Q 666 667 708 707) 
(Q 667 668 709 708) 
(Q 668 669 710 709) 
(Q 669 670 711 710) 
(Q 670 671 712 711) 
(Q 671 672 713 712) 
(Q 672 673 714 713) 
(Q 673 674 715 714) 
(Q 674 675 716 715) 
(Q 675 676 717 716) 
(Q 676 677 718 717) 
(Q 677 678 719 718) 
(Q 678 679 720 719) 
(Q 679 680 721 720) 
(Q 680 681 722 721) 
(Q 681 682 723 722) 
(Q 682 683 724 723) 
(Q 683 684 725 724) 
(Q 684 685 726 725) 
(Q 685 686 727 726) 
(Q 686 687 728 727) 
(Q 687 688 729 728) 
(Q 688 689 730 729) 
(Q 689 690 731 730) 
(Q 690 691 732 731) 
(Q 691 692 733 732) 
(Q 692 693 734 733) 
(Q 693 694 735 734) 
(Q 694 695 736 735) 
(Q 695 696 737 736) 
(Q 697 698 739 738) 
(Q 698 699 740 739) 
(Q 699 700 741 740) 
(Q 700 701 742 741) 
(Q 701 702 743 742) 
(Q 702 703 744 743) 
(Q 703 704 745 744) 
(Q 704 705 746 745) 
(Q 705 706 747 746) 
(Q 706 707 748 747) 
(Q 707 708 749 748) 
(Q 708 709 750 749) 
(Q 709 710 751 750) 
(Q 710 711 752 751) 
(Q 711 712 753 752) 
(Q 712 713 754 753) 
(Q 713 714 755 754) 
(Q 714 715 756 755) 
(Q 715 716 757 756) 
(Q 716 717 758 757) 
(Q 717 718 759 758) 
(Q 718 719 760 759) 
(Q 719 720 761 760) 
(Q 720 721 762 761) 
(Q 721 722 763 762) 
(Q 722 723 764 763) 
(Q 723 724 765 764) 
(Q 724 725 766 765) 
(Q 725 726 767 766) 
(Q 726 727 768 767) 
(Q 727 728 769 768) 
(Q 728 729 770 769) 
(Q 729 730 771 770) 
(Q 730 731 772 771) 
(Q 731 732 773 772) 
(Q 732 733 774 773) 
(Q 733 734 775 774) 
(Q 734 735 776 775) 
(Q 735 736 777 776) 
(Q 736 737 778 777) 
(Q 738 739 780 779) 
(Q 739 740 781 780) 
(Q 740 741 782 781) 
(Q 741 742 783 782) 
(Q 742 743 784 783) 
(Q 743 744 785 784) 
(Q 744 745 786 785) 
(Q 745 746 787 786) 
(Q 746 747 788 787) 
(Q 747 748 789 788) 
(Q 748 749 790 789) 
(Q 749 750 791 790) 
(Q 750 751 792 791) 
(Q 751 752 793 792) 
(Q 752 753 794 793) 
(Q 753 754 795 794) 
(Q 754 755 796 795) 
(Q 755 756 797 796) 
(Q 756 757 798 797) 
(Q 757 758 799 798) 
(Q 758 759 800 799) 
(Q 759 760 801 800) 
(Q 760 761 802 801) 
(Q 761 762 803 802) 
(Q 762 763 804 803) 
(Q 763 764 805 804) 
(Q 764 765 806 805) 
(Q 765 766 807 806) 
(Q 766 767 808 807) 
(Q 767 768 809 808) 
(Q 768 769 810 809) 
(Q 769 770 811 810) 
(Q 770 771 812 811) 
(Q 771 772 813 812) 
(Q 772 773 814 813) 
(Q 773 774 815 814) 
(Q 774 775 816 815) 
(Q 775 776 817 816) 
(Q 776 777 818 817) 
(Q 777 778 819 818) 
(Q 779 780 821 820) 
(Q 780 781 822 821) 
(Q 781 782 823 822) 
(Q 782 783 824 823) 
(Q 783 784 825 824) 
(Q 784 785 826 825) 
(Q 785 786 827 826) 
(Q 786 787 828 827) 
(Q 787 788 829 828) 
(Q 788 789 830 829) 
(Q 789 790 831 830) 
(Q 790 791 832 831) 
(Q 791 792 833 832) 
(Q 792 793 834 833) 
(Q 793 794 835 834) 
(Q 794 795 836 835) 
(Q 795 796 837 836) 
(Q 796 797 838 837) 
(Q 797 798 839 838) 
(Q 798 799 840 839) 
(Q 799 800 841 840) 
(Q 800 801 842 841) 
(Q 801 802 843 842) 
(Q 802 803 844 843) 
(Q 803 804 845 844) 
(Q 804 805 846 845) 
(Q 805 806 847 846) 
(Q 806 807 848 847) 
(Q 807 808 849 848) 
(Q 808 809 850 849) 
(Q 809 810 851 850) 
(Q 810 811 852 851) 
(Q 811 812 853 852) 
(Q 812 813 854 853) 
(Q 813 814 855 854) 
(Q 814 815 856 855) 
(Q 815 816 857 856) 
(Q 816 817 858 857) 
(Q 817 818 859 858) 
(Q 818 819 860 859) 
(Q 820 821 862 861) 
(Q 821 822 863 862) 
(Q 822 823 864 863) 
(Q 823 824 865 864) 
(Q 824 825 866 865) 
(Q 825 826 867 866) 
(Q 826 827 868 867) 
(Q 827 828 869 868) 
(Q 828 829 870 869) 
(Q 829 830 871 870) 
(Q 830 831 872 871) 
(Q 831 832 873 872) 
(Q 832 833 874 873) 
(Q 833 834 875 874) 
(Q 834 835 876 875) 
(Q 835 836 877 876) 
(Q 836 837 878 877) 
(Q 837 838 879 878) 
(Q 838 839 880 879) 
(Q 839 840 881 880) 
(Q 840 841 882 881) 
(Q 841 842 883 882) 
(Q 842 843 884 883) 
(Q 843 844 885 884) 
(Q 844 845 886 885) 
(Q 845 846 887 886) 
(Q 846 847 888 887) 
(Q 847 848 889 888) 
(Q 848 849 890 889) 
(Q 849 850 891 890) 
(Q 850 851 892 891) 
(Q 851 852 893 892) 
(Q 852 853 894 893) 
(Q 853 854 895 894) 
(Q 854 855 896 895) 
(Q 855 856 897 896) 
(Q 856 857 898 897) 
(Q 857 858 899 898) 
(Q 858 859 900 899) 
(Q 859 860 901 900) 
) 
