902
( 
(0.05 -0.50) 
(0.15 -0.50) 
(0.25 -0.50) 
(0.35 -0.50) 
(0.45 -0.50) 
(0.55 -0.50) 
(0.65 -0.50) 
(0.75 -0.50) 
(0.85 -0.50) 
(0.95 -0.50) 
(1.05 -0.50) 
(1.15 -0.50) 
(1.25 -0.50) 
(1.35 -0.50) 
(1.45 -0.50) 
(1.55 -0.50) 
(1.65 -0.50) 
(1.75 -0.50) 
(1.85 -0.50) 
(1.95 -0.50) 
(2.05 -0.50) 
(2.15 -0.50) 
(2.25 -0.50) 
(2.35 -0.50) 
(2.45 -0.50) 
(2.55 -0.50) 
(2.65 -0.50) 
(2.75 -0.50) 
(2.85 -0.50) 
(2.95 -0.50) 
(3.05 -0.50) 
(3.15 -0.50) 
(3.25 -0.50) 
(3.35 -0.50) 
(3.45 -0.50) 
(3.55 -0.50) 
(3.65 -0.50) 
(3.75 -0.50) 
(3.85 -0.50) 
(3.95 -0.50) 
(4.05 -0.50) 
(0.05 -0.45) 
(0.15 -0.45) 
(0.25 -0.45) 
(0.35 -0.45) 
(0.45 -0.45) 
(0.55 -0.45) 
(0.65 -0.45) 
(0.75 -0.45) 
(0.85 -0.45) 
(0.95 -0.45) 
(1.05 -0.45) 
(1.15 -0.45) 
(1.25 -0.45) 
(1.35 -0.45) 
(1.45 -0.45) 
(1.55 -0.45) 
(1.65 -0.45) 
(1.75 -0.45) 
(1.85 -0.45) 
(1.95 -0.45) 
(2.05 -0.45) 
(2.15 -0.45) 
(2.25 -0.45) 
(2.35 -0.45) 
(2.45 -0.45) 
(2.55 -0.45) 
(2.65 -0.45) 
(2.75 -0.45) 
(2.85 -0.45) 
(2.95 -0.45) 
(3.05 -0.45) 
(3.15 -0.45) 
(3.25 -0.45) 
(3.35 -0.45) 
(3.45 -0.45) 
(3.55 -0.45) 
(3.65 -0.45) 
(3.75 -0.45) 
(3.85 -0.45) 
(3.95 -0.45) 
(4.05 -0.45) 
(0.05 -0.40) 
(0.15 -0.40) 
(0.25 -0.40) 
(0.35 -0.40) 
(0.45 -0.40) 
(0.55 -0.40) 
(0.65 -0.40) 
(0.75 -0.40) 
(0.85 -0.40) 
(0.95 -0.40) 
(1.05 -0.40) 
(1.15 -0.40) 
(1.25 -0.40) 
(1.35 -0.40) 
(1.45 -0.40) 
(1.55 -0.40) 
(1.65 -0.40) 
(1.75 -0.40) 
(1.85 -0.40) 
(1.95 -0.40) 
(2.05 -0.40) 
(2.15 -0.40) 
(2.25 -0.40) 
(2.35 -0.40) 
(2.45 -0.40) 
(2.55 -0.40) 
(2.65 -0.40) 
(2.75 -0.40) 
(2.85 -0.40) 
(2.95 -0.40) 
(3.05 -0.40) 
(3.15 -0.40) 
(3.25 -0.40) 
(3.35 -0.40) 
(3.45 -0.40) 
(3.55 -0.40) 
(3.65 -0.40) 
(3.75 -0.40) 
(3.85 -0.40) 
(3.95 -0.40) 
(4.05 -0.40) 
(0.05 -0.36) 
(0.15 -0.36) 
(0.25 -0.36) 
(0.35 -0.36) 
(0.45 -0.36) 
(0.55 -0.36) 
(0.65 -0.36) 
(0.75 -0.36) 
(0.85 -0.36) 
(0.95 -0.36) 
(1.05 -0.36) 
(1.15 -0.36) 
(1.25 -0.36) 
(1.35 -0.36) 
(1.45 -0.36) 
(1.55 -0.36) 
(1.65 -0.36) 
(1.75 -0.36) 
(1.85 -0.36) 
(1.95 -0.36) 
(2.05 -0.36) 
(2.15 -0.36) 
(2.25 -0.36) 
(2.35 -0.36) 
(2.45 -0.36) 
(2.55 -0.36) 
(2.65 -0.36) 
(2.75 -0.36) 
(2.85 -0.36) 
(2.95 -0.36) 
(3.05 -0.36) 
(3.15 -0.36) 
(3.25 -0.36) 
(3.35 -0.36) 
(3.45 -0.36) 
(3.55 -0.36) 
(3.65 -0.36) 
(3.75 -0.36) 
(3.85 -0.36) 
(3.95 -0.36) 
(4.05 -0.36) 
(0.05 -0.31) 
(0.15 -0.31) 
(0.25 -0.31) 
(0.35 -0.31) 
(0.45 -0.31) 
(0.55 -0.31) 
(0.65 -0.31) 
(0.75 -0.31) 
(0.85 -0.31) 
(0.95 -0.31) 
(1.05 -0.31) 
(1.15 -0.31) 
(1.25 -0.31) 
(1.35 -0.31) 
(1.45 -0.31) 
(1.55 -0.31) 
(1.65 -0.31) 
(1.75 -0.31) 
(1.85 -0.31) 
(1.95 -0.31) 
(2.05 -0.31) 
(2.15 -0.31) 
(2.25 -0.31) 
(2.35 -0.31) 
(2.45 -0.31) 
(2.55 -0.31) 
(2.65 -0.31) 
(2.75 -0.31) 
(2.85 -0.31) 
(2.95 -0.31) 
(3.05 -0.31) 
(3.15 -0.31) 
(3.25 -0.31) 
(3.35 -0.31) 
(3.45 -0.31) 
(3.55 -0.31) 
(3.65 -0.31) 
(3.75 -0.31) 
(3.85 -0.31) 
(3.95 -0.31) 
(4.05 -0.31) 
(0.05 -0.26) 
(0.15 -0.26) 
(0.25 -0.26) 
(0.35 -0.26) 
(0.45 -0.26) 
(0.55 -0.26) 
(0.65 -0.26) 
(0.75 -0.26) 
(0.85 -0.26) 
(0.95 -0.26) 
(1.05 -0.26) 
(1.15 -0.26) 
(1.25 -0.26) 
(1.35 -0.26) 
(1.45 -0.26) 
(1.55 -0.26) 
(1.65 -0.26) 
(1.75 -0.26) 
(1.85 -0.26) 
(1.95 -0.26) 
(2.05 -0.26) 
(2.15 -0.26) 
(2.25 -0.26) 
(2.35 -0.26) 
(2.45 -0.26) 
(2.55 -0.26) 
(2.65 -0.26) 
(2.75 -0.26) 
(2.85 -0.26) 
(2.95 -0.26) 
(3.05 -0.26) 
(3.15 -0.26) 
(3.25 -0.26) 
(3.35 -0.26) 
(3.45 -0.26) 
(3.55 -0.26) 
(3.65 -0.26) 
(3.75 -0.26) 
(3.85 -0.26) 
(3.95 -0.26) 
(4.05 -0.26) 
(0.05 -0.21) 
(0.15 -0.21) 
(0.25 -0.21) 
(0.35 -0.21) 
(0.45 -0.21) 
(0.55 -0.21) 
(0.65 -0.21) 
(0.75 -0.21) 
(0.85 -0.21) 
(0.95 -0.21) 
(1.05 -0.21) 
(1.15 -0.21) 
(1.25 -0.21) 
(1.35 -0.21) 
(1.45 -0.21) 
(1.55 -0.21) 
(1.65 -0.21) 
(1.75 -0.21) 
(1.85 -0.21) 
(1.95 -0.21) 
(2.05 -0.21) 
(2.15 -0.21) 
(2.25 -0.21) 
(2.35 -0.21) 
(2.45 -0.21) 
(2.55 -0.21) 
(2.65 -0.21) 
(2.75 -0.21) 
(2.85 -0.21) 
(2.95 -0.21) 
(3.05 -0.21) 
(3.15 -0.21) 
(3.25 -0.21) 
(3.35 -0.21) 
(3.45 -0.21) 
(3.55 -0.21) 
(3.65 -0.21) 
(3.75 -0.21) 
(3.85 -0.21) 
(3.95 -0.21) 
(4.05 -0.21) 
(0.05 -0.17) 
(0.15 -0.17) 
(0.25 -0.17) 
(0.35 -0.17) 
(0.45 -0.17) 
(0.55 -0.17) 
(0.65 -0.17) 
(0.75 -0.17) 
(0.85 -0.17) 
(0.95 -0.17) 
(1.05 -0.17) 
(1.15 -0.17) 
(1.25 -0.17) 
(1.35 -0.17) 
(1.45 -0.17) 
(1.55 -0.17) 
(1.65 -0.17) 
(1.75 -0.17) 
(1.85 -0.17) 
(1.95 -0.17) 
(2.05 -0.17) 
(2.15 -0.17) 
(2.25 -0.17) 
(2.35 -0.17) 
(2.45 -0.17) 
(2.55 -0.17) 
(2.65 -0.17) 
(2.75 -0.17) 
(2.85 -0.17) 
(2.95 -0.17) 
(3.05 -0.17) 
(3.15 -0.17) 
(3.25 -0.17) 
(3.35 -0.17) 
(3.45 -0.17) 
(3.55 -0.17) 
(3.65 -0.17) 
(3.75 -0.17) 
(3.85 -0.17) 
(3.95 -0.17) 
(4.05 -0.17) 
(0.05 -0.12) 
(0.15 -0.12) 
(0.25 -0.12) 
(0.35 -0.12) 
(0.45 -0.12) 
(0.55 -0.12) 
(0.65 -0.12) 
(0.75 -0.12) 
(0.85 -0.12) 
(0.95 -0.12) 
(1.05 -0.12) 
(1.15 -0.12) 
(1.25 -0.12) 
(1.35 -0.12) 
(1.45 -0.12) 
(1.55 -0.12) 
(1.65 -0.12) 
(1.75 -0.12) 
(1.85 -0.12) 
(1.95 -0.12) 
(2.05 -0.12) 
(2.15 -0.12) 
(2.25 -0.12) 
(2.35 -0.12) 
(2.45 -0.12) 
(2.55 -0.12) 
(2.65 -0.12) 
(2.75 -0.12) 
(2.85 -0.12) 
(2.95 -0.12) 
(3.05 -0.12) 
(3.15 -0.12) 
(3.25 -0.12) 
(3.35 -0.12) 
(3.45 -0.12) 
(3.55 -0.12) 
(3.65 -0.12) 
(3.75 -0.12) 
(3.85 -0.12) 
(3.95 -0.12) 
(4.05 -0.12) 
(0.05 -0.07) 
(0.15 -0.07) 
(0.25 -0.07) 
(0.35 -0.07) 
(0.45 -0.07) 
(0.55 -0.07) 
(0.65 -0.07) 
(0.75 -0.07) 
(0.85 -0.07) 
(0.95 -0.07) 
(1.05 -0.07) 
(1.15 -0.07) 
(1.25 -0.07) 
(1.35 -0.07) 
(1.45 -0.07) 
(1.55 -0.07) 
(1.65 -0.07) 
(1.75 -0.07) 
(1.85 -0.07) 
(1.95 -0.07) 
(2.05 -0.07) 
(2.15 -0.07) 
(2.25 -0.07) 
(2.35 -0.07) 
(2.45 -0.07) 
(2.55 -0.07) 
(2.65 -0.07) 
(2.75 -0.07) 
(2.85 -0.07) 
(2.95 -0.07) 
(3.05 -0.07) 
(3.15 -0.07) 
(3.25 -0.07) 
(3.35 -0.07) 
(3.45 -0.07) 
(3.55 -0.07) 
(3.65 -0.07) 
(3.75 -0.07) 
(3.85 -0.07) 
(3.95 -0.07) 
(4.05 -0.07) 
(0.05 -0.02) 
(0.15 -0.02) 
(0.25 -0.02) 
(0.35 -0.02) 
(0.45 -0.02) 
(0.55 -0.02) 
(0.65 -0.02) 
(0.75 -0.02) 
(0.85 -0.02) 
(0.95 -0.02) 
(1.05 -0.02) 
(1.15 -0.02) 
(1.25 -0.02) 
(1.35 -0.02) 
(1.45 -0.02) 
(1.55 -0.02) 
(1.65 -0.02) 
(1.75 -0.02) 
(1.85 -0.02) 
(1.95 -0.02) 
(2.05 -0.02) 
(2.15 -0.02) 
(2.25 -0.02) 
(2.35 -0.02) 
(2.45 -0.02) 
(2.55 -0.02) 
(2.65 -0.02) 
(2.75 -0.02) 
(2.85 -0.02) 
(2.95 -0.02) 
(3.05 -0.02) 
(3.15 -0.02) 
(3.25 -0.02) 
(3.35 -0.02) 
(3.45 -0.02) 
(3.55 -0.02) 
(3.65 -0.02) 
(3.75 -0.02) 
(3.85 -0.02) 
(3.95 -0.02) 
(4.05 -0.02) 
(0.05 0.02) 
(0.15 0.02) 
(0.25 0.02) 
(0.35 0.02) 
(0.45 0.02) 
(0.55 0.02) 
(0.65 0.02) 
(0.75 0.02) 
(0.85 0.02) 
(0.95 0.02) 
(1.05 0.02) 
(1.15 0.02) 
(1.25 0.02) 
(1.35 0.02) 
(1.45 0.02) 
(1.55 0.02) 
(1.65 0.02) 
(1.75 0.02) 
(1.85 0.02) 
(1.95 0.02) 
(2.05 0.02) 
(2.15 0.02) 
(2.25 0.02) 
(2.35 0.02) 
(2.45 0.02) 
(2.55 0.02) 
(2.65 0.02) 
(2.75 0.02) 
(2.85 0.02) 
(2.95 0.02) 
(3.05 0.02) 
(3.15 0.02) 
(3.25 0.02) 
(3.35 0.02) 
(3.45 0.02) 
(3.55 0.02) 
(3.65 0.02) 
(3.75 0.02) 
(3.85 0.02) 
(3.95 0.02) 
(4.05 0.02) 
(0.05 0.07) 
(0.15 0.07) 
(0.25 0.07) 
(0.35 0.07) 
(0.45 0.07) 
(0.55 0.07) 
(0.65 0.07) 
(0.75 0.07) 
(0.85 0.07) 
(0.95 0.07) 
(1.05 0.07) 
(1.15 0.07) 
(1.25 0.07) 
(1.35 0.07) 
(1.45 0.07) 
(1.55 0.07) 
(1.65 0.07) 
(1.75 0.07) 
(1.85 0.07) 
(1.95 0.07) 
(2.05 0.07) 
(2.15 0.07) 
(2.25 0.07) 
(2.35 0.07) 
(2.45 0.07) 
(2.55 0.07) 
(2.65 0.07) 
(2.75 0.07) 
(2.85 0.07) 
(2.95 0.07) 
(3.05 0.07) 
(3.15 0.07) 
(3.25 0.07) 
(3.35 0.07) 
(3.45 0.07) 
(3.55 0.07) 
(3.65 0.07) 
(3.75 0.07) 
(3.85 0.07) 
(3.95 0.07) 
(4.05 0.07) 
(0.05 0.12) 
(0.15 0.12) 
(0.25 0.12) 
(0.35 0.12) 
(0.45 0.12) 
(0.55 0.12) 
(0.65 0.12) 
(0.75 0.12) 
(0.85 0.12) 
(0.95 0.12) 
(1.05 0.12) 
(1.15 0.12) 
(1.25 0.12) 
(1.35 0.12) 
(1.45 0.12) 
(1.55 0.12) 
(1.65 0.12) 
(1.75 0.12) 
(1.85 0.12) 
(1.95 0.12) 
(2.05 0.12) 
(2.15 0.12) 
(2.25 0.12) 
(2.35 0.12) 
(2.45 0.12) 
(2.55 0.12) 
(2.65 0.12) 
(2.75 0.12) 
(2.85 0.12) 
(2.95 0.12) 
(3.05 0.12) 
(3.15 0.12) 
(3.25 0.12) 
(3.35 0.12) 
(3.45 0.12) 
(3.55 0.12) 
(3.65 0.12) 
(3.75 0.12) 
(3.85 0.12) 
(3.95 0.12) 
(4.05 0.12) 
(0.05 0.17) 
(0.15 0.17) 
(0.25 0.17) 
(0.35 0.17) 
(0.45 0.17) 
(0.55 0.17) 
(0.65 0.17) 
(0.75 0.17) 
(0.85 0.17) 
(0.95 0.17) 
(1.05 0.17) 
(1.15 0.17) 
(1.25 0.17) 
(1.35 0.17) 
(1.45 0.17) 
(1.55 0.17) 
(1.65 0.17) 
(1.75 0.17) 
(1.85 0.17) 
(1.95 0.17) 
(2.05 0.17) 
(2.15 0.17) 
(2.25 0.17) 
(2.35 0.17) 
(2.45 0.17) 
(2.55 0.17) 
(2.65 0.17) 
(2.75 0.17) 
(2.85 0.17) 
(2.95 0.17) 
(3.05 0.17) 
(3.15 0.17) 
(3.25 0.17) 
(3.35 0.17) 
(3.45 0.17) 
(3.55 0.17) 
(3.65 0.17) 
(3.75 0.17) 
(3.85 0.17) 
(3.95 0.17) 
(4.05 0.17) 
(0.05 0.21) 
(0.15 0.21) 
(0.25 0.21) 
(0.35 0.21) 
(0.45 0.21) 
(0.55 0.21) 
(0.65 0.21) 
(0.75 0.21) 
(0.85 0.21) 
(0.95 0.21) 
(1.05 0.21) 
(1.15 0.21) 
(1.25 0.21) 
(1.35 0.21) 
(1.45 0.21) 
(1.55 0.21) 
(1.65 0.21) 
(1.75 0.21) 
(1.85 0.21) 
(1.95 0.21) 
(2.05 0.21) 
(2.15 0.21) 
(2.25 0.21) 
(2.35 0.21) 
(2.45 0.21) 
(2.55 0.21) 
(2.65 0.21) 
(2.75 0.21) 
(2.85 0.21) 
(2.95 0.21) 
(3.05 0.21) 
(3.15 0.21) 
(3.25 0.21) 
(3.35 0.21) 
(3.45 0.21) 
(3.55 0.21) 
(3.65 0.21) 
(3.75 0.21) 
(3.85 0.21) 
(3.95 0.21) 
(4.05 0.21) 
(0.05 0.26) 
(0.15 0.26) 
(0.25 0.26) 
(0.35 0.26) 
(0.45 0.26) 
(0.55 0.26) 
(0.65 0.26) 
(0.75 0.26) 
(0.85 0.26) 
(0.95 0.26) 
(1.05 0.26) 
(1.15 0.26) 
(1.25 0.26) 
(1.35 0.26) 
(1.45 0.26) 
(1.55 0.26) 
(1.65 0.26) 
(1.75 0.26) 
(1.85 0.26) 
(1.95 0.26) 
(2.05 0.26) 
(2.15 0.26) 
(2.25 0.26) 
(2.35 0.26) 
(2.45 0.26) 
(2.55 0.26) 
(2.65 0.26) 
(2.75 0.26) 
(2.85 0.26) 
(2.95 0.26) 
(3.05 0.26) 
(3.15 0.26) 
(3.25 0.26) 
(3.35 0.26) 
(3.45 0.26) 
(3.55 0.26) 
(3.65 0.26) 
(3.75 0.26) 
(3.85 0.26) 
(3.95 0.26) 
(4.05 0.26) 
(0.05 0.31) 
(0.15 0.31) 
(0.25 0.31) 
(0.35 0.31) 
(0.45 0.31) 
(0.55 0.31) 
(0.65 0.31) 
(0.75 0.31) 
(0.85 0.31) 
(0.95 0.31) 
(1.05 0.31) 
(1.15 0.31) 
(1.25 0.31) 
(1.35 0.31) 
(1.45 0.31) 
(1.55 0.31) 
(1.65 0.31) 
(1.75 0.31) 
(1.85 0.31) 
(1.95 0.31) 
(2.05 0.31) 
(2.15 0.31) 
(2.25 0.31) 
(2.35 0.31) 
(2.45 0.31) 
(2.55 0.31) 
(2.65 0.31) 
(2.75 0.31) 
(2.85 0.31) 
(2.95 0.31) 
(3.05 0.31) 
(3.15 0.31) 
(3.25 0.31) 
(3.35 0.31) 
(3.45 0.31) 
(3.55 0.31) 
(3.65 0.31) 
(3.75 0.31) 
(3.85 0.31) 
(3.95 0.31) 
(4.05 0.31) 
(0.05 0.36) 
(0.15 0.36) 
(0.25 0.36) 
(0.35 0.36) 
(0.45 0.36) 
(0.55 0.36) 
(0.65 0.36) 
(0.75 0.36) 
(0.85 0.36) 
(0.95 0.36) 
(1.05 0.36) 
(1.15 0.36) 
(1.25 0.36) 
(1.35 0.36) 
(1.45 0.36) 
(1.55 0.36) 
(1.65 0.36) 
(1.75 0.36) 
(1.85 0.36) 
(1.95 0.36) 
(2.05 0.36) 
(2.15 0.36) 
(2.25 0.36) 
(2.35 0.36) 
(2.45 0.36) 
(2.55 0.36) 
(2.65 0.36) 
(2.75 0.36) 
(2.85 0.36) 
(2.95 0.36) 
(3.05 0.36) 
(3.15 0.36) 
(3.25 0.36) 
(3.35 0.36) 
(3.45 0.36) 
(3.55 0.36) 
(3.65 0.36) 
(3.75 0.36) 
(3.85 0.36) 
(3.95 0.36) 
(4.05 0.36) 
(0.05 0.40) 
(0.15 0.40) 
(0.25 0.40) 
(0.35 0.40) 
(0.45 0.40) 
(0.55 0.40) 
(0.65 0.40) 
(0.75 0.40) 
(0.85 0.40) 
(0.95 0.40) 
(1.05 0.40) 
(1.15 0.40) 
(1.25 0.40) 
(1.35 0.40) 
(1.45 0.40) 
(1.55 0.40) 
(1.65 0.40) 
(1.75 0.40) 
(1.85 0.40) 
(1.95 0.40) 
(2.05 0.40) 
(2.15 0.40) 
(2.25 0.40) 
(2.35 0.40) 
(2.45 0.40) 
(2.55 0.40) 
(2.65 0.40) 
(2.75 0.40) 
(2.85 0.40) 
(2.95 0.40) 
(3.05 0.40) 
(3.15 0.40) 
(3.25 0.40) 
(3.35 0.40) 
(3.45 0.40) 
(3.55 0.40) 
(3.65 0.40) 
(3.75 0.40) 
(3.85 0.40) 
(3.95 0.40) 
(4.05 0.40) 
(0.05 0.45) 
(0.15 0.45) 
(0.25 0.45) 
(0.35 0.45) 
(0.45 0.45) 
(0.55 0.45) 
(0.65 0.45) 
(0.75 0.45) 
(0.85 0.45) 
(0.95 0.45) 
(1.05 0.45) 
(1.15 0.45) 
(1.25 0.45) 
(1.35 0.45) 
(1.45 0.45) 
(1.55 0.45) 
(1.65 0.45) 
(1.75 0.45) 
(1.85 0.45) 
(1.95 0.45) 
(2.05 0.45) 
(2.15 0.45) 
(2.25 0.45) 
(2.35 0.45) 
(2.45 0.45) 
(2.55 0.45) 
(2.65 0.45) 
(2.75 0.45) 
(2.85 0.45) 
(2.95 0.45) 
(3.05 0.45) 
(3.15 0.45) 
(3.25 0.45) 
(3.35 0.45) 
(3.45 0.45) 
(3.55 0.45) 
(3.65 0.45) 
(3.75 0.45) 
(3.85 0.45) 
(3.95 0.45) 
(4.05 0.45) 
(0.05 0.50) 
(0.15 0.50) 
(0.25 0.50) 
(0.35 0.50) 
(0.45 0.50) 
(0.55 0.50) 
(0.65 0.50) 
(0.75 0.50) 
(0.85 0.50) 
(0.95 0.50) 
(1.05 0.50) 
(1.15 0.50) 
(1.25 0.50) 
(1.35 0.50) 
(1.45 0.50) 
(1.55 0.50) 
(1.65 0.50) 
(1.75 0.50) 
(1.85 0.50) 
(1.95 0.50) 
(2.05 0.50) 
(2.15 0.50) 
(2.25 0.50) 
(2.35 0.50) 
(2.45 0.50) 
(2.55 0.50) 
(2.65 0.50) 
(2.75 0.50) 
(2.85 0.50) 
(2.95 0.50) 
(3.05 0.50) 
(3.15 0.50) 
(3.25 0.50) 
(3.35 0.50) 
(3.45 0.50) 
(3.55 0.50) 
(3.65 0.50) 
(3.75 0.50) 
(3.85 0.50) 
(3.95 0.50) 
(4.05 0.50) 
) 
