129
( 
(-1.00000)
(-0.98438)
(-0.96875)
(-0.95312)
(-0.93750)
(-0.92188)
(-0.90625)
(-0.89062)
(-0.87500)
(-0.85938)
(-0.84375)
(-0.82812)
(-0.81250)
(-0.79688)
(-0.78125)
(-0.76562)
(-0.75000)
(-0.73438)
(-0.71875)
(-0.70312)
(-0.68750)
(-0.67188)
(-0.65625)
(-0.64062)
(-0.62500)
(-0.60938)
(-0.59375)
(-0.57812)
(-0.56250)
(-0.54688)
(-0.53125)
(-0.51562)
(-0.50000)
(-0.48438)
(-0.46875)
(-0.45312)
(-0.43750)
(-0.42188)
(-0.40625)
(-0.39062)
(-0.37500)
(-0.35938)
(-0.34375)
(-0.32812)
(-0.31250)
(-0.29688)
(-0.28125)
(-0.26562)
(-0.25000)
(-0.23438)
(-0.21875)
(-0.20312)
(-0.18750)
(-0.17188)
(-0.15625)
(-0.14062)
(-0.12500)
(-0.10938)
(-0.09375)
(-0.07812)
(-0.06250)
(-0.04688)
(-0.03125)
(-0.01562)
(0.00000)
(0.01562)
(0.03125)
(0.04688)
(0.06250)
(0.07812)
(0.09375)
(0.10938)
(0.12500)
(0.14062)
(0.15625)
(0.17188)
(0.18750)
(0.20312)
(0.21875)
(0.23438)
(0.25000)
(0.26562)
(0.28125)
(0.29688)
(0.31250)
(0.32812)
(0.34375)
(0.35938)
(0.37500)
(0.39062)
(0.40625)
(0.42188)
(0.43750)
(0.45312)
(0.46875)
(0.48438)
(0.50000)
(0.51562)
(0.53125)
(0.54688)
(0.56250)
(0.57812)
(0.59375)
(0.60938)
(0.62500)
(0.64062)
(0.65625)
(0.67188)
(0.68750)
(0.70312)
(0.71875)
(0.73438)
(0.75000)
(0.76562)
(0.78125)
(0.79688)
(0.81250)
(0.82812)
(0.84375)
(0.85938)
(0.87500)
(0.89062)
(0.90625)
(0.92188)
(0.93750)
(0.95312)
(0.96875)
(0.98438)
(1.00000)
) 
