64
( 
(Q 0 1 10 9) 
(Q 1 2 11 10) 
(Q 2 3 12 11) 
(Q 3 4 13 12) 
(Q 4 5 14 13) 
(Q 5 6 15 14) 
(Q 6 7 16 15) 
(Q 7 8 17 16) 
(Q 9 10 19 18) 
(Q 10 11 20 19) 
(Q 11 12 21 20) 
(Q 12 13 22 21) 
(Q 13 14 23 22) 
(Q 14 15 24 23) 
(Q 15 16 25 24) 
(Q 16 17 26 25) 
(Q 18 19 28 27) 
(Q 19 20 29 28) 
(Q 20 21 30 29) 
(Q 21 22 31 30) 
(Q 22 23 32 31) 
(Q 23 24 33 32) 
(Q 24 25 34 33) 
(Q 25 26 35 34) 
(Q 27 28 37 36) 
(Q 28 29 38 37) 
(Q 29 30 39 38) 
(Q 30 31 40 39) 
(Q 31 32 41 40) 
(Q 32 33 42 41) 
(Q 33 34 43 42) 
(Q 34 35 44 43) 
(Q 36 37 46 45) 
(Q 37 38 47 46) 
(Q 38 39 48 47) 
(Q 39 40 49 48) 
(Q 40 41 50 49) 
(Q 41 42 51 50) 
(Q 42 43 52 51) 
(Q 43 44 53 52) 
(Q 45 46 55 54) 
(Q 46 47 56 55) 
(Q 47 48 57 56) 
(Q 48 49 58 57) 
(Q 49 50 59 58) 
(Q 50 51 60 59) 
(Q 51 52 61 60) 
(Q 52 53 62 61) 
(Q 54 55 64 63) 
(Q 55 56 65 64) 
(Q 56 57 66 65) 
(Q 57 58 67 66) 
(Q 58 59 68 67) 
(Q 59 60 69 68) 
(Q 60 61 70 69) 
(Q 61 62 71 70) 
(Q 63 64 73 72) 
(Q 64 65 74 73) 
(Q 65 66 75 74) 
(Q 66 67 76 75) 
(Q 67 68 77 76) 
(Q 68 69 78 77) 
(Q 69 70 79 78) 
(Q 70 71 80 79) 
) 
